          31          31           1
   0.221625E-02  0.514538     -0.608918      0.338048     -0.674565       1.00000    
  -0.101117E-01 -0.260195E-02
  -0.101214E-01  0.916196E-03
  -0.101219E-01  0.916197E-03
   0.221092E-02  0.513956     -0.608918      0.338048     -0.674565       1.00000    
  -0.821562E-02 -0.259845E-02
  -0.821489E-02  0.914274E-03
  -0.821538E-02  0.914275E-03
   0.220669E-02  0.513375     -0.608918      0.338048     -0.674565       1.00000    
  -0.631954E-02 -0.259494E-02
  -0.631881E-02  0.910529E-03
  -0.631930E-02  0.910530E-03
   0.220357E-02  0.512793     -0.608918      0.338048     -0.674565       1.00000    
  -0.442347E-02 -0.259144E-02
  -0.442273E-02  0.906790E-03
  -0.442323E-02  0.906791E-03
   0.220155E-02  0.512212     -0.608918      0.338048     -0.674565       1.00000    
  -0.252741E-02 -0.258793E-02
  -0.252667E-02  0.903059E-03
  -0.252716E-02  0.903060E-03
   0.220063E-02  0.511630     -0.608918      0.338048     -0.674565       1.00000    
  -0.631358E-03 -0.258442E-02
  -0.630614E-03  0.899336E-03
  -0.631107E-03  0.899336E-03
   0.220082E-02  0.511049     -0.608918      0.338048     -0.674565       1.00000    
   0.126469E-02 -0.258092E-02
   0.126544E-02  0.895619E-03
   0.126494E-02  0.895620E-03
   0.220210E-02  0.510467     -0.608918      0.338048     -0.674565       1.00000    
   0.316073E-02 -0.257741E-02
   0.316148E-02  0.891910E-03
   0.316098E-02  0.891910E-03
   0.220449E-02  0.509885     -0.608918      0.338048     -0.674565       1.00000    
   0.505676E-02 -0.257391E-02
   0.505751E-02  0.888208E-03
   0.505702E-02  0.888208E-03
   0.220798E-02  0.509304     -0.608918      0.338048     -0.674565       1.00000    
   0.695278E-02 -0.257040E-02
   0.695354E-02  0.884513E-03
   0.695305E-02  0.884513E-03
   0.221258E-02  0.508722     -0.608918      0.338048     -0.674565       1.00000    
   0.884880E-02 -0.256689E-02
   0.884956E-02  0.880825E-03
   0.884907E-02  0.880826E-03
   0.221827E-02  0.508141     -0.608918      0.338048     -0.674565       1.00000    
   0.107448E-01 -0.256339E-02
   0.107456E-01  0.877145E-03
   0.107451E-01  0.877145E-03
   0.222507E-02  0.507560     -0.608918      0.338048     -0.674565       1.00000    
   0.126408E-01 -0.255988E-02
   0.126416E-01  0.873472E-03
   0.126411E-01  0.873472E-03
   0.223298E-02  0.506978     -0.608918      0.338048     -0.674565       1.00000    
   0.145368E-01 -0.255637E-02
   0.145376E-01  0.869806E-03
   0.145371E-01  0.869806E-03
   0.224198E-02  0.506397     -0.608918      0.338048     -0.674565       1.00000    
   0.164328E-01 -0.255287E-02
   0.164336E-01  0.866147E-03
   0.164331E-01  0.866148E-03
   0.225209E-02  0.505815     -0.608918      0.338048     -0.674565       1.00000    
   0.183288E-01 -0.254936E-02
   0.183295E-01  0.862495E-03
   0.183290E-01  0.862496E-03
   0.226330E-02  0.505234     -0.608918      0.338048     -0.674565       1.00000    
   0.202247E-01 -0.254585E-02
   0.202255E-01  0.858851E-03
   0.202250E-01  0.858852E-03
   0.227561E-02  0.504652     -0.608918      0.338048     -0.674565       1.00000    
   0.221207E-01 -0.254235E-02
   0.221215E-01  0.855214E-03
   0.221210E-01  0.855215E-03
   0.228902E-02  0.504070     -0.608918      0.338048     -0.674565       1.00000    
   0.240167E-01 -0.253884E-02
   0.240174E-01  0.851584E-03
   0.240169E-01  0.851585E-03
   0.230354E-02  0.503489     -0.608918      0.338048     -0.674565       1.00000    
   0.259126E-01 -0.253533E-02
   0.259134E-01  0.847961E-03
   0.259129E-01  0.847962E-03
   0.231916E-02  0.502908     -0.608918      0.338048     -0.674565       1.00000    
   0.278086E-01 -0.253183E-02
   0.278093E-01  0.844346E-03
   0.278088E-01  0.844347E-03
   0.233588E-02  0.502326     -0.608918      0.338048     -0.674565       1.00000    
   0.297045E-01 -0.252832E-02
   0.297053E-01  0.840738E-03
   0.297048E-01  0.840738E-03
   0.235371E-02  0.501745     -0.608918      0.338048     -0.674565       1.00000    
   0.316004E-01 -0.252482E-02
   0.316012E-01  0.837136E-03
   0.316007E-01  0.837137E-03
   0.237263E-02  0.501163     -0.608918      0.338048     -0.674565       1.00000    
   0.334963E-01 -0.252131E-02
   0.334971E-01  0.833542E-03
   0.334966E-01  0.833543E-03
   0.239266E-02  0.500582     -0.608918      0.338048     -0.674565       1.00000    
   0.353922E-01 -0.251780E-02
   0.353930E-01  0.829956E-03
   0.353925E-01  0.829956E-03
   0.241379E-02  0.500000     -0.608918      0.338048     -0.674565       1.00000    
   0.372881E-01 -0.251430E-02
   0.372889E-01  0.826376E-03
   0.372885E-01  0.826377E-03
   0.243603E-02  0.499418     -0.608918      0.338048     -0.674565       1.00000    
   0.391840E-01 -0.251079E-02
   0.391848E-01  0.822804E-03
   0.391843E-01  0.822804E-03
   0.245936E-02  0.498837     -0.608918      0.338048     -0.674565       1.00000    
   0.410799E-01 -0.250728E-02
   0.410807E-01  0.819238E-03
   0.410802E-01  0.819239E-03
   0.248380E-02  0.498256     -0.608918      0.338048     -0.674565       1.00000    
   0.429758E-01 -0.250378E-02
   0.429766E-01  0.815680E-03
   0.429761E-01  0.815681E-03
   0.250935E-02  0.497674     -0.608918      0.338048     -0.674565       1.00000    
   0.448717E-01 -0.250027E-02
   0.448725E-01  0.812129E-03
   0.448720E-01  0.812130E-03
   0.253599E-02  0.497092     -0.608918      0.338048     -0.674565       1.00000    
   0.467676E-01 -0.249676E-02
   0.467684E-01  0.808585E-03
   0.467679E-01  0.808586E-03
   0.226451E-02  0.514538     -0.569561      0.344526     -0.632582       1.00000    
  -0.104783E-01 -0.265113E-02
  -0.104784E-01  0.746321E-03
  -0.104789E-01  0.746322E-03
   0.225897E-02  0.513956     -0.569561      0.344526     -0.632582       1.00000    
  -0.858152E-02 -0.264735E-02
  -0.858074E-02  0.744040E-03
  -0.858124E-02  0.744041E-03
   0.225453E-02  0.513375     -0.569561      0.344526     -0.632582       1.00000    
  -0.668471E-02 -0.264356E-02
  -0.668393E-02  0.740439E-03
  -0.668443E-02  0.740440E-03
   0.225120E-02  0.512793     -0.569561      0.344526     -0.632582       1.00000    
  -0.478792E-02 -0.263978E-02
  -0.478713E-02  0.736846E-03
  -0.478763E-02  0.736846E-03
   0.224897E-02  0.512212     -0.569561      0.344526     -0.632582       1.00000    
  -0.289113E-02 -0.263600E-02
  -0.289034E-02  0.733259E-03
  -0.289083E-02  0.733260E-03
   0.224784E-02  0.511630     -0.569561      0.344526     -0.632582       1.00000    
  -0.994343E-03 -0.263221E-02
  -0.993555E-03  0.729681E-03
  -0.994049E-03  0.729682E-03
   0.224781E-02  0.511049     -0.569561      0.344526     -0.632582       1.00000    
   0.902431E-03 -0.262843E-02
   0.903222E-03  0.726110E-03
   0.902728E-03  0.726110E-03
   0.224889E-02  0.510467     -0.569561      0.344526     -0.632582       1.00000    
   0.279920E-02 -0.262465E-02
   0.279999E-02  0.722546E-03
   0.279950E-02  0.722546E-03
   0.225106E-02  0.509885     -0.569561      0.344526     -0.632582       1.00000    
   0.469596E-02 -0.262087E-02
   0.469675E-02  0.718989E-03
   0.469626E-02  0.718990E-03
   0.225435E-02  0.509304     -0.569561      0.344526     -0.632582       1.00000    
   0.659271E-02 -0.261709E-02
   0.659350E-02  0.715440E-03
   0.659301E-02  0.715441E-03
   0.225873E-02  0.508722     -0.569561      0.344526     -0.632582       1.00000    
   0.848945E-02 -0.261331E-02
   0.849025E-02  0.711898E-03
   0.848976E-02  0.711899E-03
   0.226422E-02  0.508141     -0.569561      0.344526     -0.632582       1.00000    
   0.103862E-01 -0.260953E-02
   0.103870E-01  0.708363E-03
   0.103865E-01  0.708364E-03
   0.227081E-02  0.507560     -0.569561      0.344526     -0.632582       1.00000    
   0.122829E-01 -0.260575E-02
   0.122837E-01  0.704836E-03
   0.122832E-01  0.704837E-03
   0.227851E-02  0.506978     -0.569561      0.344526     -0.632582       1.00000    
   0.141796E-01 -0.260197E-02
   0.141804E-01  0.701317E-03
   0.141799E-01  0.701317E-03
   0.228730E-02  0.506397     -0.569561      0.344526     -0.632582       1.00000    
   0.160763E-01 -0.259819E-02
   0.160771E-01  0.697804E-03
   0.160767E-01  0.697805E-03
   0.229720E-02  0.505815     -0.569561      0.344526     -0.632582       1.00000    
   0.179730E-01 -0.259441E-02
   0.179739E-01  0.694299E-03
   0.179734E-01  0.694300E-03
   0.230820E-02  0.505234     -0.569561      0.344526     -0.632582       1.00000    
   0.198697E-01 -0.259063E-02
   0.198706E-01  0.690801E-03
   0.198701E-01  0.690802E-03
   0.232031E-02  0.504652     -0.569561      0.344526     -0.632582       1.00000    
   0.217664E-01 -0.258686E-02
   0.217672E-01  0.687311E-03
   0.217668E-01  0.687312E-03
   0.233352E-02  0.504070     -0.569561      0.344526     -0.632582       1.00000    
   0.236631E-01 -0.258308E-02
   0.236639E-01  0.683828E-03
   0.236634E-01  0.683828E-03
   0.234783E-02  0.503489     -0.569561      0.344526     -0.632582       1.00000    
   0.255598E-01 -0.257930E-02
   0.255606E-01  0.680352E-03
   0.255601E-01  0.680353E-03
   0.236325E-02  0.502908     -0.569561      0.344526     -0.632582       1.00000    
   0.274564E-01 -0.257553E-02
   0.274573E-01  0.676883E-03
   0.274568E-01  0.676884E-03
   0.237976E-02  0.502326     -0.569561      0.344526     -0.632582       1.00000    
   0.293531E-01 -0.257175E-02
   0.293539E-01  0.673422E-03
   0.293534E-01  0.673423E-03
   0.239738E-02  0.501745     -0.569561      0.344526     -0.632582       1.00000    
   0.312497E-01 -0.256798E-02
   0.312506E-01  0.669968E-03
   0.312501E-01  0.669969E-03
   0.241611E-02  0.501163     -0.569561      0.344526     -0.632582       1.00000    
   0.331464E-01 -0.256420E-02
   0.331472E-01  0.666522E-03
   0.331467E-01  0.666523E-03
   0.243593E-02  0.500582     -0.569561      0.344526     -0.632582       1.00000    
   0.350430E-01 -0.256043E-02
   0.350438E-01  0.663083E-03
   0.350434E-01  0.663083E-03
   0.245686E-02  0.500000     -0.569561      0.344526     -0.632582       1.00000    
   0.369396E-01 -0.255665E-02
   0.369405E-01  0.659651E-03
   0.369400E-01  0.659651E-03
   0.247889E-02  0.499418     -0.569561      0.344526     -0.632582       1.00000    
   0.388362E-01 -0.255288E-02
   0.388371E-01  0.656226E-03
   0.388366E-01  0.656227E-03
   0.250203E-02  0.498837     -0.569561      0.344526     -0.632582       1.00000    
   0.407329E-01 -0.254911E-02
   0.407337E-01  0.652809E-03
   0.407332E-01  0.652809E-03
   0.252627E-02  0.498256     -0.569561      0.344526     -0.632582       1.00000    
   0.426295E-01 -0.254534E-02
   0.426303E-01  0.649399E-03
   0.426298E-01  0.649399E-03
   0.255161E-02  0.497674     -0.569561      0.344526     -0.632582       1.00000    
   0.445260E-01 -0.254156E-02
   0.445269E-01  0.645996E-03
   0.445264E-01  0.645997E-03
   0.257805E-02  0.497092     -0.569561      0.344526     -0.632582       1.00000    
   0.464226E-01 -0.253779E-02
   0.464235E-01  0.642600E-03
   0.464230E-01  0.642601E-03
   0.230262E-02  0.514538     -0.530204      0.351004     -0.590600       1.00000    
  -0.108320E-01 -0.269336E-02
  -0.108315E-01  0.566825E-03
  -0.108320E-01  0.566826E-03
   0.229688E-02  0.513956     -0.530204      0.351004     -0.590600       1.00000    
  -0.893445E-02 -0.268931E-02
  -0.893363E-02  0.564026E-03
  -0.893413E-02  0.564026E-03
   0.229223E-02  0.513375     -0.530204      0.351004     -0.590600       1.00000    
  -0.703690E-02 -0.268526E-02
  -0.703608E-02  0.560540E-03
  -0.703657E-02  0.560540E-03
   0.228869E-02  0.512793     -0.530204      0.351004     -0.590600       1.00000    
  -0.513936E-02 -0.268120E-02
  -0.513853E-02  0.557061E-03
  -0.513903E-02  0.557062E-03
   0.228626E-02  0.512212     -0.530204      0.351004     -0.590600       1.00000    
  -0.324182E-02 -0.267715E-02
  -0.324099E-02  0.553590E-03
  -0.324149E-02  0.553591E-03
   0.228492E-02  0.511630     -0.530204      0.351004     -0.590600       1.00000    
  -0.134429E-02 -0.267310E-02
  -0.134346E-02  0.550127E-03
  -0.134396E-02  0.550128E-03
   0.228469E-02  0.511049     -0.530204      0.351004     -0.590600       1.00000    
   0.553224E-03 -0.266905E-02
   0.554058E-03  0.546672E-03
   0.553565E-03  0.546673E-03
   0.228557E-02  0.510467     -0.530204      0.351004     -0.590600       1.00000    
   0.245073E-02 -0.266500E-02
   0.245157E-02  0.543224E-03
   0.245108E-02  0.543224E-03
   0.228754E-02  0.509885     -0.530204      0.351004     -0.590600       1.00000    
   0.434824E-02 -0.266096E-02
   0.434908E-02  0.539783E-03
   0.434858E-02  0.539784E-03
   0.229062E-02  0.509304     -0.530204      0.351004     -0.590600       1.00000    
   0.624573E-02 -0.265691E-02
   0.624657E-02  0.536350E-03
   0.624608E-02  0.536351E-03
   0.229481E-02  0.508722     -0.530204      0.351004     -0.590600       1.00000    
   0.814322E-02 -0.265286E-02
   0.814406E-02  0.532925E-03
   0.814357E-02  0.532926E-03
   0.230009E-02  0.508141     -0.530204      0.351004     -0.590600       1.00000    
   0.100407E-01 -0.264882E-02
   0.100415E-01  0.529507E-03
   0.100410E-01  0.529508E-03
   0.230649E-02  0.507560     -0.530204      0.351004     -0.590600       1.00000    
   0.119382E-01 -0.264478E-02
   0.119390E-01  0.526097E-03
   0.119385E-01  0.526098E-03
   0.231398E-02  0.506978     -0.530204      0.351004     -0.590600       1.00000    
   0.138356E-01 -0.264073E-02
   0.138365E-01  0.522695E-03
   0.138360E-01  0.522696E-03
   0.232258E-02  0.506397     -0.530204      0.351004     -0.590600       1.00000    
   0.157331E-01 -0.263669E-02
   0.157339E-01  0.519300E-03
   0.157334E-01  0.519301E-03
   0.233228E-02  0.505815     -0.530204      0.351004     -0.590600       1.00000    
   0.176305E-01 -0.263265E-02
   0.176314E-01  0.515912E-03
   0.176309E-01  0.515913E-03
   0.234308E-02  0.505234     -0.530204      0.351004     -0.590600       1.00000    
   0.195280E-01 -0.262861E-02
   0.195288E-01  0.512533E-03
   0.195283E-01  0.512533E-03
   0.235499E-02  0.504652     -0.530204      0.351004     -0.590600       1.00000    
   0.214254E-01 -0.262457E-02
   0.214262E-01  0.509160E-03
   0.214258E-01  0.509161E-03
   0.236800E-02  0.504070     -0.530204      0.351004     -0.590600       1.00000    
   0.233228E-01 -0.262053E-02
   0.233237E-01  0.505796E-03
   0.233232E-01  0.505796E-03
   0.238211E-02  0.503489     -0.530204      0.351004     -0.590600       1.00000    
   0.252202E-01 -0.261650E-02
   0.252211E-01  0.502438E-03
   0.252206E-01  0.502439E-03
   0.239733E-02  0.502908     -0.530204      0.351004     -0.590600       1.00000    
   0.271176E-01 -0.261246E-02
   0.271185E-01  0.499089E-03
   0.271180E-01  0.499090E-03
   0.241365E-02  0.502326     -0.530204      0.351004     -0.590600       1.00000    
   0.290150E-01 -0.260842E-02
   0.290159E-01  0.495747E-03
   0.290154E-01  0.495747E-03
   0.243107E-02  0.501745     -0.530204      0.351004     -0.590600       1.00000    
   0.309124E-01 -0.260439E-02
   0.309133E-01  0.492412E-03
   0.309128E-01  0.492413E-03
   0.244960E-02  0.501163     -0.530204      0.351004     -0.590600       1.00000    
   0.328098E-01 -0.260036E-02
   0.328106E-01  0.489085E-03
   0.328102E-01  0.489086E-03
   0.246923E-02  0.500582     -0.530204      0.351004     -0.590600       1.00000    
   0.347071E-01 -0.259633E-02
   0.347080E-01  0.485765E-03
   0.347075E-01  0.485766E-03
   0.248997E-02  0.500000     -0.530204      0.351004     -0.590600       1.00000    
   0.366045E-01 -0.259229E-02
   0.366054E-01  0.482453E-03
   0.366049E-01  0.482454E-03
   0.251180E-02  0.499418     -0.530204      0.351004     -0.590600       1.00000    
   0.385018E-01 -0.258826E-02
   0.385027E-01  0.479149E-03
   0.385022E-01  0.479149E-03
   0.253474E-02  0.498837     -0.530204      0.351004     -0.590600       1.00000    
   0.403992E-01 -0.258423E-02
   0.404001E-01  0.475852E-03
   0.403996E-01  0.475852E-03
   0.255879E-02  0.498256     -0.530204      0.351004     -0.590600       1.00000    
   0.422965E-01 -0.258021E-02
   0.422974E-01  0.472562E-03
   0.422969E-01  0.472563E-03
   0.258393E-02  0.497674     -0.530204      0.351004     -0.590600       1.00000    
   0.441938E-01 -0.257618E-02
   0.441947E-01  0.469280E-03
   0.441943E-01  0.469281E-03
   0.261018E-02  0.497092     -0.530204      0.351004     -0.590600       1.00000    
   0.460912E-01 -0.257215E-02
   0.460921E-01  0.466005E-03
   0.460916E-01  0.466006E-03
   0.233005E-02  0.514538     -0.490847      0.357482     -0.548617       1.00000    
  -0.111760E-01 -0.272822E-02
  -0.111756E-01  0.378293E-03
  -0.111760E-01  0.378294E-03
   0.232411E-02  0.513956     -0.490847      0.357482     -0.548617       1.00000    
  -0.927769E-02 -0.272393E-02
  -0.927683E-02  0.375595E-03
  -0.927732E-02  0.375596E-03
   0.231926E-02  0.513375     -0.490847      0.357482     -0.548617       1.00000    
  -0.737937E-02 -0.271963E-02
  -0.737850E-02  0.372188E-03
  -0.737900E-02  0.372189E-03
   0.231553E-02  0.512793     -0.490847      0.357482     -0.548617       1.00000    
  -0.548105E-02 -0.271534E-02
  -0.548018E-02  0.368789E-03
  -0.548068E-02  0.368790E-03
   0.231289E-02  0.512212     -0.490847      0.357482     -0.548617       1.00000    
  -0.358274E-02 -0.271105E-02
  -0.358187E-02  0.365398E-03
  -0.358237E-02  0.365399E-03
   0.231136E-02  0.511630     -0.490847      0.357482     -0.548617       1.00000    
  -0.168444E-02 -0.270676E-02
  -0.168357E-02  0.362015E-03
  -0.168406E-02  0.362016E-03
   0.231093E-02  0.511049     -0.490847      0.357482     -0.548617       1.00000    
   0.213848E-03 -0.270248E-02
   0.214723E-03  0.358640E-03
   0.214230E-03  0.358641E-03
   0.231161E-02  0.510467     -0.490847      0.357482     -0.548617       1.00000    
   0.211213E-02 -0.269819E-02
   0.211301E-02  0.355273E-03
   0.211251E-02  0.355273E-03
   0.231339E-02  0.509885     -0.490847      0.357482     -0.548617       1.00000    
   0.401040E-02 -0.269390E-02
   0.401128E-02  0.351913E-03
   0.401079E-02  0.351914E-03
   0.231627E-02  0.509304     -0.490847      0.357482     -0.548617       1.00000    
   0.590867E-02 -0.268962E-02
   0.590955E-02  0.348562E-03
   0.590906E-02  0.348563E-03
   0.232026E-02  0.508722     -0.490847      0.357482     -0.548617       1.00000    
   0.780692E-02 -0.268534E-02
   0.780781E-02  0.345218E-03
   0.780731E-02  0.345219E-03
   0.232535E-02  0.508141     -0.490847      0.357482     -0.548617       1.00000    
   0.970517E-02 -0.268106E-02
   0.970606E-02  0.341882E-03
   0.970556E-02  0.341883E-03
   0.233155E-02  0.507560     -0.490847      0.357482     -0.548617       1.00000    
   0.116034E-01 -0.267678E-02
   0.116043E-01  0.338555E-03
   0.116038E-01  0.338556E-03
   0.233885E-02  0.506978     -0.490847      0.357482     -0.548617       1.00000    
   0.135016E-01 -0.267250E-02
   0.135025E-01  0.335235E-03
   0.135020E-01  0.335236E-03
   0.234725E-02  0.506397     -0.490847      0.357482     -0.548617       1.00000    
   0.153999E-01 -0.266822E-02
   0.154008E-01  0.331923E-03
   0.154003E-01  0.331924E-03
   0.235676E-02  0.505815     -0.490847      0.357482     -0.548617       1.00000    
   0.172981E-01 -0.266395E-02
   0.172990E-01  0.328619E-03
   0.172985E-01  0.328619E-03
   0.236737E-02  0.505234     -0.490847      0.357482     -0.548617       1.00000    
   0.191963E-01 -0.265967E-02
   0.191972E-01  0.325322E-03
   0.191967E-01  0.325323E-03
   0.237908E-02  0.504652     -0.490847      0.357482     -0.548617       1.00000    
   0.210945E-01 -0.265540E-02
   0.210954E-01  0.322034E-03
   0.210949E-01  0.322035E-03
   0.239190E-02  0.504070     -0.490847      0.357482     -0.548617       1.00000    
   0.229926E-01 -0.265113E-02
   0.229936E-01  0.318753E-03
   0.229931E-01  0.318754E-03
   0.240582E-02  0.503489     -0.490847      0.357482     -0.548617       1.00000    
   0.248908E-01 -0.264686E-02
   0.248917E-01  0.315481E-03
   0.248912E-01  0.315482E-03
   0.242085E-02  0.502908     -0.490847      0.357482     -0.548617       1.00000    
   0.267890E-01 -0.264259E-02
   0.267899E-01  0.312216E-03
   0.267894E-01  0.312217E-03
   0.243698E-02  0.502326     -0.490847      0.357482     -0.548617       1.00000    
   0.286871E-01 -0.263833E-02
   0.286881E-01  0.308959E-03
   0.286876E-01  0.308960E-03
   0.245421E-02  0.501745     -0.490847      0.357482     -0.548617       1.00000    
   0.305853E-01 -0.263406E-02
   0.305862E-01  0.305710E-03
   0.305857E-01  0.305711E-03
   0.247255E-02  0.501163     -0.490847      0.357482     -0.548617       1.00000    
   0.324834E-01 -0.262980E-02
   0.324844E-01  0.302469E-03
   0.324839E-01  0.302469E-03
   0.249199E-02  0.500582     -0.490847      0.357482     -0.548617       1.00000    
   0.343816E-01 -0.262553E-02
   0.343825E-01  0.299235E-03
   0.343820E-01  0.299236E-03
   0.251253E-02  0.500000     -0.490847      0.357482     -0.548617       1.00000    
   0.362797E-01 -0.262127E-02
   0.362806E-01  0.296009E-03
   0.362801E-01  0.296010E-03
   0.253418E-02  0.499418     -0.490847      0.357482     -0.548617       1.00000    
   0.381778E-01 -0.261701E-02
   0.381787E-01  0.292792E-03
   0.381782E-01  0.292793E-03
   0.255693E-02  0.498837     -0.490847      0.357482     -0.548617       1.00000    
   0.400759E-01 -0.261276E-02
   0.400768E-01  0.289582E-03
   0.400764E-01  0.289583E-03
   0.258079E-02  0.498256     -0.490847      0.357482     -0.548617       1.00000    
   0.419740E-01 -0.260850E-02
   0.419749E-01  0.286380E-03
   0.419745E-01  0.286381E-03
   0.260575E-02  0.497674     -0.490847      0.357482     -0.548617       1.00000    
   0.438721E-01 -0.260425E-02
   0.438730E-01  0.283185E-03
   0.438725E-01  0.283186E-03
   0.263181E-02  0.497092     -0.490847      0.357482     -0.548617       1.00000    
   0.457702E-01 -0.259999E-02
   0.457711E-01  0.279999E-03
   0.457706E-01  0.280000E-03
   0.234636E-02  0.514538     -0.451491      0.363960     -0.506635       1.00000    
  -0.115143E-01 -0.275528E-02
  -0.115138E-01  0.182789E-03
  -0.115143E-01  0.182790E-03
   0.234022E-02  0.513956     -0.451491      0.363960     -0.506635       1.00000    
  -0.961511E-02 -0.275080E-02
  -0.961421E-02  0.180148E-03
  -0.961470E-02  0.180149E-03
   0.233518E-02  0.513375     -0.451491      0.363960     -0.506635       1.00000    
  -0.771597E-02 -0.274632E-02
  -0.771507E-02  0.176778E-03
  -0.771557E-02  0.176779E-03
   0.233124E-02  0.512793     -0.451491      0.363960     -0.506635       1.00000    
  -0.581685E-02 -0.274184E-02
  -0.581594E-02  0.173417E-03
  -0.581644E-02  0.173418E-03
   0.232841E-02  0.512212     -0.451491      0.363960     -0.506635       1.00000    
  -0.391773E-02 -0.273737E-02
  -0.391682E-02  0.170064E-03
  -0.391732E-02  0.170065E-03
   0.232669E-02  0.511630     -0.451491      0.363960     -0.506635       1.00000    
  -0.201862E-02 -0.273289E-02
  -0.201771E-02  0.166719E-03
  -0.201820E-02  0.166720E-03
   0.232606E-02  0.511049     -0.451491      0.363960     -0.506635       1.00000    
  -0.119524E-03 -0.272842E-02
  -0.118609E-03  0.163382E-03
  -0.119102E-03  0.163383E-03
   0.232655E-02  0.510467     -0.451491      0.363960     -0.506635       1.00000    
   0.177957E-02 -0.272395E-02
   0.178048E-02  0.160054E-03
   0.177999E-02  0.160055E-03
   0.232813E-02  0.509885     -0.451491      0.363960     -0.506635       1.00000    
   0.367865E-02 -0.271948E-02
   0.367957E-02  0.156734E-03
   0.367907E-02  0.156735E-03
   0.233083E-02  0.509304     -0.451491      0.363960     -0.506635       1.00000    
   0.557772E-02 -0.271502E-02
   0.557864E-02  0.153423E-03
   0.557815E-02  0.153424E-03
   0.233462E-02  0.508722     -0.451491      0.363960     -0.506635       1.00000    
   0.747678E-02 -0.271055E-02
   0.747771E-02  0.150119E-03
   0.747721E-02  0.150120E-03
   0.233952E-02  0.508141     -0.451491      0.363960     -0.506635       1.00000    
   0.937583E-02 -0.270609E-02
   0.937676E-02  0.146825E-03
   0.937627E-02  0.146826E-03
   0.234553E-02  0.507560     -0.451491      0.363960     -0.506635       1.00000    
   0.112749E-01 -0.270163E-02
   0.112758E-01  0.143538E-03
   0.112753E-01  0.143539E-03
   0.235263E-02  0.506978     -0.451491      0.363960     -0.506635       1.00000    
   0.131739E-01 -0.269717E-02
   0.131748E-01  0.140260E-03
   0.131744E-01  0.140261E-03
   0.236085E-02  0.506397     -0.451491      0.363960     -0.506635       1.00000    
   0.150729E-01 -0.269271E-02
   0.150739E-01  0.136990E-03
   0.150734E-01  0.136991E-03
   0.237016E-02  0.505815     -0.451491      0.363960     -0.506635       1.00000    
   0.169719E-01 -0.268825E-02
   0.169729E-01  0.133728E-03
   0.169724E-01  0.133729E-03
   0.238059E-02  0.505234     -0.451491      0.363960     -0.506635       1.00000    
   0.188710E-01 -0.268380E-02
   0.188719E-01  0.130475E-03
   0.188714E-01  0.130476E-03
   0.239211E-02  0.504652     -0.451491      0.363960     -0.506635       1.00000    
   0.207700E-01 -0.267934E-02
   0.207709E-01  0.127230E-03
   0.207704E-01  0.127231E-03
   0.240474E-02  0.504070     -0.451491      0.363960     -0.506635       1.00000    
   0.226689E-01 -0.267489E-02
   0.226699E-01  0.123994E-03
   0.226694E-01  0.123995E-03
   0.241847E-02  0.503489     -0.451491      0.363960     -0.506635       1.00000    
   0.245679E-01 -0.267044E-02
   0.245689E-01  0.120765E-03
   0.245684E-01  0.120766E-03
   0.243331E-02  0.502908     -0.451491      0.363960     -0.506635       1.00000    
   0.264669E-01 -0.266600E-02
   0.264678E-01  0.117545E-03
   0.264674E-01  0.117546E-03
   0.244926E-02  0.502326     -0.451491      0.363960     -0.506635       1.00000    
   0.283659E-01 -0.266155E-02
   0.283668E-01  0.114333E-03
   0.283663E-01  0.114334E-03
   0.246630E-02  0.501745     -0.451491      0.363960     -0.506635       1.00000    
   0.302648E-01 -0.265711E-02
   0.302658E-01  0.111130E-03
   0.302653E-01  0.111131E-03
   0.248445E-02  0.501163     -0.451491      0.363960     -0.506635       1.00000    
   0.321637E-01 -0.265266E-02
   0.321647E-01  0.107935E-03
   0.321642E-01  0.107935E-03
   0.250371E-02  0.500582     -0.451491      0.363960     -0.506635       1.00000    
   0.340627E-01 -0.264822E-02
   0.340636E-01  0.104748E-03
   0.340632E-01  0.104749E-03
   0.252407E-02  0.500000     -0.451491      0.363960     -0.506635       1.00000    
   0.359616E-01 -0.264379E-02
   0.359626E-01  0.101569E-03
   0.359621E-01  0.101570E-03
   0.254553E-02  0.499418     -0.451491      0.363960     -0.506635       1.00000    
   0.378605E-01 -0.263935E-02
   0.378615E-01  0.983984E-04
   0.378610E-01  0.983994E-04
   0.256810E-02  0.498837     -0.451491      0.363960     -0.506635       1.00000    
   0.397594E-01 -0.263491E-02
   0.397604E-01  0.952362E-04
   0.397599E-01  0.952372E-04
   0.259177E-02  0.498256     -0.451491      0.363960     -0.506635       1.00000    
   0.416583E-01 -0.263048E-02
   0.416593E-01  0.920823E-04
   0.416588E-01  0.920833E-04
   0.261655E-02  0.497674     -0.451491      0.363960     -0.506635       1.00000    
   0.435572E-01 -0.262605E-02
   0.435582E-01  0.889366E-04
   0.435577E-01  0.889376E-04
   0.264243E-02  0.497092     -0.451491      0.363960     -0.506635       1.00000    
   0.454561E-01 -0.262162E-02
   0.454571E-01  0.857992E-04
   0.454566E-01  0.858001E-04
   0.235118E-02  0.514538     -0.412134      0.370438     -0.464652       1.00000    
  -0.118513E-01 -0.277413E-02
  -0.118509E-01 -0.182852E-04
  -0.118514E-01 -0.182841E-04
   0.234484E-02  0.513956     -0.412134      0.370438     -0.464652       1.00000    
  -0.995126E-02 -0.276955E-02
  -0.995033E-02 -0.209192E-04
  -0.995082E-02 -0.209181E-04
   0.233960E-02  0.513375     -0.412134      0.370438     -0.464652       1.00000    
  -0.805127E-02 -0.276497E-02
  -0.805033E-02 -0.243014E-04
  -0.805082E-02 -0.243004E-04
   0.233547E-02  0.512793     -0.412134      0.370438     -0.464652       1.00000    
  -0.615128E-02 -0.276039E-02
  -0.615034E-02 -0.276748E-04
  -0.615083E-02 -0.276737E-04
   0.233245E-02  0.512212     -0.412134      0.370438     -0.464652       1.00000    
  -0.425131E-02 -0.275582E-02
  -0.425036E-02 -0.310392E-04
  -0.425085E-02 -0.310381E-04
   0.233053E-02  0.511630     -0.412134      0.370438     -0.464652       1.00000    
  -0.235134E-02 -0.275125E-02
  -0.235039E-02 -0.343947E-04
  -0.235088E-02 -0.343936E-04
   0.232971E-02  0.511049     -0.412134      0.370438     -0.464652       1.00000    
  -0.451384E-03 -0.274667E-02
  -0.450431E-03 -0.377413E-04
  -0.450925E-03 -0.377402E-04
   0.233000E-02  0.510467     -0.412134      0.370438     -0.464652       1.00000    
   0.144856E-02 -0.274210E-02
   0.144952E-02 -0.410790E-04
   0.144903E-02 -0.410779E-04
   0.233140E-02  0.509885     -0.412134      0.370438     -0.464652       1.00000    
   0.334850E-02 -0.273754E-02
   0.334946E-02 -0.444078E-04
   0.334897E-02 -0.444067E-04
   0.233390E-02  0.509304     -0.412134      0.370438     -0.464652       1.00000    
   0.524843E-02 -0.273297E-02
   0.524939E-02 -0.477277E-04
   0.524890E-02 -0.477266E-04
   0.233750E-02  0.508722     -0.412134      0.370438     -0.464652       1.00000    
   0.714835E-02 -0.272841E-02
   0.714931E-02 -0.510387E-04
   0.714882E-02 -0.510377E-04
   0.234221E-02  0.508141     -0.412134      0.370438     -0.464652       1.00000    
   0.904825E-02 -0.272385E-02
   0.904922E-02 -0.543409E-04
   0.904873E-02 -0.543398E-04
   0.234803E-02  0.507560     -0.412134      0.370438     -0.464652       1.00000    
   0.109482E-01 -0.271929E-02
   0.109491E-01 -0.576341E-04
   0.109486E-01 -0.576331E-04
   0.235495E-02  0.506978     -0.412134      0.370438     -0.464652       1.00000    
   0.128480E-01 -0.271473E-02
   0.128490E-01 -0.609185E-04
   0.128485E-01 -0.609175E-04
   0.236297E-02  0.506397     -0.412134      0.370438     -0.464652       1.00000    
   0.147479E-01 -0.271018E-02
   0.147489E-01 -0.641940E-04
   0.147484E-01 -0.641930E-04
   0.237210E-02  0.505815     -0.412134      0.370438     -0.464652       1.00000    
   0.166478E-01 -0.270562E-02
   0.166488E-01 -0.674607E-04
   0.166483E-01 -0.674596E-04
   0.238233E-02  0.505234     -0.412134      0.370438     -0.464652       1.00000    
   0.185477E-01 -0.270107E-02
   0.185486E-01 -0.707185E-04
   0.185481E-01 -0.707174E-04
   0.239367E-02  0.504652     -0.412134      0.370438     -0.464652       1.00000    
   0.204475E-01 -0.269652E-02
   0.204485E-01 -0.739674E-04
   0.204480E-01 -0.739664E-04
   0.240611E-02  0.504070     -0.412134      0.370438     -0.464652       1.00000    
   0.223473E-01 -0.269197E-02
   0.223483E-01 -0.772075E-04
   0.223478E-01 -0.772064E-04
   0.241966E-02  0.503489     -0.412134      0.370438     -0.464652       1.00000    
   0.242472E-01 -0.268743E-02
   0.242482E-01 -0.804387E-04
   0.242477E-01 -0.804377E-04
   0.243431E-02  0.502908     -0.412134      0.370438     -0.464652       1.00000    
   0.261470E-01 -0.268288E-02
   0.261480E-01 -0.836611E-04
   0.261475E-01 -0.836600E-04
   0.245007E-02  0.502326     -0.412134      0.370438     -0.464652       1.00000    
   0.280468E-01 -0.267834E-02
   0.280478E-01 -0.868746E-04
   0.280473E-01 -0.868736E-04
   0.246693E-02  0.501745     -0.412134      0.370438     -0.464652       1.00000    
   0.299466E-01 -0.267380E-02
   0.299476E-01 -0.900793E-04
   0.299471E-01 -0.900783E-04
   0.248489E-02  0.501163     -0.412134      0.370438     -0.464652       1.00000    
   0.318464E-01 -0.266926E-02
   0.318474E-01 -0.932752E-04
   0.318469E-01 -0.932742E-04
   0.250397E-02  0.500582     -0.412134      0.370438     -0.464652       1.00000    
   0.337462E-01 -0.266473E-02
   0.337472E-01 -0.964623E-04
   0.337467E-01 -0.964612E-04
   0.252414E-02  0.500000     -0.412134      0.370438     -0.464652       1.00000    
   0.356460E-01 -0.266019E-02
   0.356470E-01 -0.996405E-04
   0.356465E-01 -0.996394E-04
   0.254542E-02  0.499418     -0.412134      0.370438     -0.464652       1.00000    
   0.375457E-01 -0.265566E-02
   0.375467E-01 -0.102810E-03
   0.375462E-01 -0.102809E-03
   0.256781E-02  0.498837     -0.412134      0.370438     -0.464652       1.00000    
   0.394455E-01 -0.265113E-02
   0.394465E-01 -0.105970E-03
   0.394460E-01 -0.105969E-03
   0.259130E-02  0.498256     -0.412134      0.370438     -0.464652       1.00000    
   0.413452E-01 -0.264661E-02
   0.413462E-01 -0.109122E-03
   0.413458E-01 -0.109121E-03
   0.261589E-02  0.497674     -0.412134      0.370438     -0.464652       1.00000    
   0.432450E-01 -0.264208E-02
   0.432460E-01 -0.112265E-03
   0.432455E-01 -0.112264E-03
   0.264159E-02  0.497092     -0.412134      0.370438     -0.464652       1.00000    
   0.451447E-01 -0.263756E-02
   0.451457E-01 -0.115399E-03
   0.451452E-01 -0.115398E-03
   0.234422E-02  0.514538     -0.372777      0.376916     -0.422669       1.00000    
  -0.121924E-01 -0.278443E-02
  -0.121920E-01 -0.223578E-03
  -0.121925E-01 -0.223577E-03
   0.233768E-02  0.513956     -0.372777      0.376916     -0.422669       1.00000    
  -0.102914E-01 -0.277987E-02
  -0.102905E-01 -0.226265E-03
  -0.102910E-01 -0.226264E-03
   0.233225E-02  0.513375     -0.372777      0.376916     -0.422669       1.00000    
  -0.839053E-02 -0.277532E-02
  -0.838956E-02 -0.229717E-03
  -0.839005E-02 -0.229716E-03
   0.232793E-02  0.512793     -0.372777      0.376916     -0.422669       1.00000    
  -0.648963E-02 -0.277077E-02
  -0.648865E-02 -0.233159E-03
  -0.648914E-02 -0.233158E-03
   0.232471E-02  0.512212     -0.372777      0.376916     -0.422669       1.00000    
  -0.458873E-02 -0.276622E-02
  -0.458775E-02 -0.236592E-03
  -0.458824E-02 -0.236591E-03
