10, 10
   0.00021156
   0.00016373
   0.00012631
   0.00009726
   0.00007479
   0.00005747
   0.00004427
   0.00003466
   0.00002865
   0.00002703
   0.00010850
   0.00007707
   0.00005475
   0.00003937
   0.00002896
   0.00002191
   0.00001696
   0.00001337
   0.00001115
   0.00001160
   0.00004098
   0.00002538
   0.00001726
   0.00001415
   0.00001375
   0.00001408
   0.00001356
   0.00001140
   0.00000817
   0.00000674
   0.00000784
   0.00000701
   0.00001137
   0.00001796
   0.00002397
   0.00002697
   0.00002533
   0.00001890
   0.00001005
   0.00000498
   0.00000768
   0.00001949
   0.00003313
   0.00004497
   0.00005169
   0.00005079
   0.00004142
   0.00002550
   0.00000917
   0.00000391
   0.00003757
   0.00005796
   0.00007539
   0.00008565
   0.00008538
   0.00007306
   0.00005027
   0.00002315
   0.00000364
   0.00001011
   0.00009054
   0.00011267
   0.00012567
   0.00012542
   0.00010982
   0.00008023
   0.00004296
   0.00001051
   0.00000207
   0.00004298
   0.00015285
   0.00016690
   0.00016535
   0.00014573
   0.00010941
   0.00006307
   0.00001991
   0.00000000
   0.00002952
   0.00013906
   0.00020437
   0.00019944
   0.00017475
   0.00013195
   0.00007841
   0.00002818
   0.00000221
   0.00002738
   0.00013468
   0.00035688
   0.00022772
   0.00019693
   0.00014853
   0.00009080
   0.00003880
   0.00001431
   0.00004468
   0.00016087
   0.00039527
   0.00077975
   0.59513643
   0.55820494
   0.52375758
   0.49179230
   0.46230733
   0.43530121
   0.41077294
   0.38872197
   0.36914832
   0.35205278
   0.47218107
   0.43910104
   0.40850385
   0.38038730
   0.35474945
   0.33158867
   0.31090371
   0.29269382
   0.27695903
   0.26370062
   0.36728976
   0.33806062
   0.31131269
   0.28704348
   0.26525071
   0.24593237
   0.22908690
   0.21471351
   0.20281277
   0.19338755
   0.28046134
   0.25508204
   0.23218165
   0.21175721
   0.19380590
   0.17832531
   0.16531378
   0.15477118
   0.14669989
   0.14110609
   0.21169441
   0.19016281
   0.17110677
   0.15452264
   0.14040711
   0.12875768
   0.11957349
   0.11285648
   0.10861276
   0.10685383
   0.16098604
   0.14329809
   0.12808091
   0.11533026
   0.10504280
   0.09721701
   0.09185447
   0.08896132
   0.08854949
   0.09063736
   0.12832926
   0.11447813
   0.10309157
   0.09416548
   0.08769776
   0.08368976
   0.08214781
   0.08308439
   0.08651870
   0.09247606
   0.11371034
   0.10368619
   0.09612014
   0.09100975
   0.08835637
   0.08816669
   0.09045392
   0.09523810
   0.10254543
   0.11240650
   0.11710914
   0.11090107
   0.10714695
   0.10584845
   0.10701292
   0.11065441
   0.11679388
   0.12545822
   0.13667838
   0.15048718
   0.13850829
   0.13610942
   0.13616666
   0.13868828
   0.14368936
   0.15119166
   0.16122253
   0.17381295
   0.18899528
   0.20680143
   1.19006130
   1.11624616
   1.04738885
   0.98348735
   0.92453986
   0.87054495
   0.82150161
   0.77740928
   0.73826799
   0.70407852
   0.94425363
   0.87812501
   0.81695294
   0.76073523
   0.70946994
   0.66315543
   0.62179046
   0.58537428
   0.55390691
   0.52738964
   0.73453853
   0.67609587
   0.62260812
   0.57407282
   0.53048766
   0.49185066
   0.45816025
   0.42941563
   0.40561738
   0.38676836
   0.56091483
   0.51015706
   0.46435193
   0.42349645
   0.38758783
   0.35662364
   0.33060224
   0.30952347
   0.29338974
   0.28220720
   0.42338113
   0.38030614
   0.34218041
   0.30900031
   0.28076254
   0.25746457
   0.23910556
   0.22568745
   0.21721635
   0.21370376
   0.32193451
   0.28653823
   0.25608642
   0.23057487
   0.21000023
   0.19436097
   0.18365868
   0.17789949
   0.17709534
   0.18126461
   0.25656799
   0.22884358
   0.20605747
   0.18820554
   0.17528570
   0.16729930
   0.16425266
   0.16615827
   0.17303532
   0.18490915
   0.22726783
   0.20720548
   0.19207494
   0.18187378
   0.17660334
   0.17627032
   0.18088792
   0.19047620
   0.20506134
   0.22467394
   0.23401392
   0.22160270
   0.21411916
   0.21156495
   0.21394742
   0.22128064
   0.23358556
   0.25088905
   0.27322209
   0.30061748
   0.27678886
   0.27202191
   0.27218479
   0.27728577
   0.28733992
   0.30236901
   0.32240039
   0.34746503
   0.37759530
   0.41282310
   1.78498611
   1.67428731
   1.57102007
   1.47518234
   1.38677235
   1.30578865
   1.23223023
   1.16609655
   1.10738762
   1.05610422
   1.41632615
   1.31714894
   1.22540199
   1.14108313
   1.06419039
   0.99472216
   0.93267718
   0.87805471
   0.83085476
   0.79107864
   1.10178727
   1.01413107
   0.93390352
   0.86110212
   0.79572459
   0.73776893
   0.68723357
   0.64411772
   0.60842196
   0.58014915
   0.84136829
   0.76523207
   0.69652219
   0.63523568
   0.58136975
   0.53492196
   0.49589067
   0.46427575
   0.44007956
   0.42330829
   0.63506784
   0.57044944
   0.51325403
   0.46347797
   0.42111794
   0.38617145
   0.35863762
   0.33851841
   0.32581993
   0.32055367
   0.48288296
   0.42977835
   0.38409192
   0.34581947
   0.31495764
   0.29150492
   0.27546287
   0.26683765
   0.26564119
   0.27189185
   0.38480670
   0.34320902
   0.30902336
   0.28224559
   0.26287363
   0.25090883
   0.24635750
   0.24923214
   0.25955194
   0.27734223
   0.34082531
   0.31072475
   0.28802973
   0.27273779
   0.26485030
   0.26437394
   0.27132192
   0.28571429
   0.30757724
   0.33694136
   0.35091868
   0.33230432
   0.32109135
   0.31728144
   0.32088192
   0.33190686
   0.35037722
   0.37631987
   0.40976579
   0.45074777
   0.41506941
   0.40793439
   0.40820290
   0.41588324
   0.43099046
   0.45354634
   0.48357822
   0.52111709
   0.56619530
   0.61884476
   2.37991105
   2.23232858
   2.09465139
   1.96687744
   1.84900493
   1.74103244
   1.64295894
   1.55478390
   1.47650732
   1.40813000
   1.88839877
   1.75617296
   1.63385113
   1.52143110
   1.41891092
   1.32628895
   1.24356396
   1.17073519
   1.10780267
   1.05476768
   1.46903608
   1.35216635
   1.24519898
   1.14813148
   1.06096157
   0.98368725
   0.91630694
   0.85881986
   0.81122659
   0.77352998
   1.12182182
   1.02030712
   0.92869249
   0.84697495
   0.77515170
   0.71322031
   0.66117914
   0.61902805
   0.58676942
   0.56440942
   0.84675458
   0.76059279
   0.68432769
   0.61795566
   0.56147338
   0.51487835
   0.47816971
   0.45134940
   0.43442353
   0.42740360
   0.64383144
   0.57301849
   0.51209745
   0.46106409
   0.41991508
   0.38864888
   0.36726709
   0.35577583
   0.35418705
   0.36251911
   0.51304544
   0.45757449
   0.41198927
   0.37628566
   0.35046158
   0.33451837
   0.32846236
   0.33230603
   0.34606857
   0.36977533
   0.45438282
   0.41424405
   0.38398453
   0.36360183
   0.35309727
   0.35247758
   0.36175593
   0.38095240
   0.41009316
   0.44920881
   0.46782347
   0.44300597
   0.42806357
   0.42299795
   0.42781643
   0.44253311
   0.46716890
   0.50175071
   0.54630951
   0.60087808
   0.55334999
   0.54384689
   0.54422105
   0.55448074
   0.57464103
   0.60472370
   0.64475610
   0.69476918
   0.75479534
   0.82486645
   2.97483586
   2.79036973
   2.61828261
   2.45857243
   2.31123742
   2.17627614
   2.05368757
   1.94347117
   1.84562695
   1.76015571
   2.36047129
   2.19519688
   2.04230018
   1.90177899
   1.77363137
   1.65785568
   1.55445068
   1.46341562
   1.38475052
   1.31845667
   1.83628482
   1.69020156
   1.55649438
   1.43516079
   1.32619850
   1.22960551
   1.14538026
   1.07352196
   1.01403117
   0.96691077
   1.40227528
   1.27538212
   1.16086274
   1.05871418
   0.96893361
   0.89151863
   0.82646758
   0.77378032
   0.73345924
   0.70551051
   1.05844129
   0.95073609
   0.85540131
   0.77243332
   0.70182879
   0.64358523
   0.59770177
   0.56418036
   0.54302711
   0.53425352
   0.80477990
   0.71625861
   0.64010295
   0.57630869
   0.52487249
   0.48579283
   0.45907128
   0.44471399
   0.44273289
   0.45314635
   0.64128415
   0.57193993
   0.51495516
   0.47032571
   0.43804951
   0.41812790
   0.41056720
   0.41537990
   0.43258519
   0.46220841
   0.56794030
   0.51776333
   0.47993932
   0.45446584
   0.44134423
   0.44058120
   0.45218993
   0.47619049
   0.51260906
   0.56147624
   0.58472823
   0.55370759
   0.53503577
   0.52871443
   0.53475093
   0.55315933
   0.58396057
   0.62718153
   0.68285320
   0.75100837
   0.69163054
   0.67975937
   0.68023916
   0.69307821
   0.71829158
   0.75590104
   0.80593393
   0.86842124
   0.94339534
   1.03088811
   3.56976067
   3.34841089
   3.14191382
   2.95026742
   2.77346990
   2.61151983
   2.46441619
   2.33215844
   2.21474658
   2.11218141
   2.83254380
   2.63422081
   2.45074923
   2.28212689
   2.12835182
   1.98942241
   1.86533740
   1.75609605
   1.66169837
   1.58214567
   2.20353355
   2.02823677
   1.86778978
   1.72219009
   1.59143543
   1.47552378
   1.37445359
   1.28822405
   1.21683575
   1.16029156
   1.68272875
   1.53045712
   1.39303300
   1.27045340
   1.16271552
   1.06981694
   0.99175601
   0.92853260
   0.88014907
   0.84661161
   1.27012799
   1.14087939
   1.02647494
   0.92691098
   0.84218420
   0.77229210
   0.71723383
   0.67701132
   0.65163068
   0.64110343
   0.96572835
   0.85949873
   0.76810845
   0.69155329
   0.62982991
   0.58293678
   0.55087548
   0.53365215
   0.53127873
   0.54377359
   0.76952286
   0.68630537
   0.61792105
   0.56436576
   0.52563744
   0.50173743
   0.49267204
   0.49845377
   0.51910180
   0.55464149
   0.68149778
   0.62128260
   0.57589411
   0.54532985
   0.52959119
   0.52868481
   0.54262392
   0.57142858
   0.61512496
   0.67374367
   0.70163299
   0.66440921
   0.64200796
   0.63443092
   0.64168543
   0.66378555
   0.70075223
   0.75261235
   0.81939690
   0.90113865
   0.82991109
   0.81567184
   0.81625727
   0.83167568
   0.86194212
   0.90707837
   0.96711177
   1.04207330
   1.13199534
   1.23690976
   4.16468548
   3.90645204
   3.66554504
   3.44196241
   3.23570239
   3.04676353
   2.87514482
   2.72084570
   2.58386621
   2.46420712
   3.30461632
   3.07324473
   2.85919829
   2.66247478
   2.48307227
   2.32098913
   2.17622411
   2.04877647
   1.93864622
   1.84583466
   2.57078229
   2.36627198
   2.17908518
   2.00921940
   1.85667235
   1.72144204
   1.60352691
   1.50292614
   1.41964034
   1.35367234
   1.96318221
   1.78553212
   1.62520325
   1.48219263
   1.35649744
   1.24811526
   1.15704445
   1.08328487
   1.02683889
   0.98771270
   1.48181469
   1.33102270
   1.19754856
   1.08138863
   0.98253961
   0.90099898
   0.83676589
   0.78984228
   0.76023426
   0.74795334
   1.12667680
   1.00273885
   0.89611395
   0.80679789
   0.73478732
   0.68008072
   0.64267967
   0.62259031
   0.61982457
   0.63440083
   0.89776157
   0.80067081
   0.72088693
   0.65840581
   0.61322537
   0.58534695
   0.57477688
   0.58152764
   0.60561842
   0.64707456
   0.79505526
   0.72480188
   0.67184889
   0.63619387
   0.61783815
   0.61678843
   0.63305792
   0.66666667
   0.71764086
   0.78601109
   0.81853775
   0.77511083
   0.74898016
   0.74014741
   0.74861992
   0.77441177
   0.81754389
   0.87804317
   0.95594059
   1.05126894
   0.96819165
   0.95158432
   0.95227539
   0.97027315
   1.00559266
   1.05825570
   1.12828961
   1.21572536
   1.32059534
   1.44293142
