   0.104000E+01
   0.100500E+01
   0.995000E+00
   0.101500E+01
   0.116000E+01
   0.985000E+00
   0.860000E+00
   0.106000E+01
   0.995000E+00
   0.108500E+01
   0.965000E+00
   0.109000E+01
   0.102500E+01
   0.800000E+00
   0.895000E+00
   0.105500E+01
   0.100500E+01
   0.890000E+00
   0.109000E+01
   0.805000E+00
   0.410000E+01
   0.447000E+01
   0.401000E+01
   0.409000E+01
   0.400000E+01
   0.368000E+01
   0.437000E+01
   0.394500E+01
   0.394500E+01
   0.372000E+01
   0.424500E+01
   0.406500E+01
   0.378500E+01
   0.399000E+01
   0.383000E+01
   0.446500E+01
   0.372000E+01
   0.419000E+01
   0.387000E+01
   0.369000E+01
