   0.387500E+00
   0.477500E+00
   0.495000E+00
   0.482500E+00
   0.492500E+00
   0.557500E+00
   0.517500E+00
   0.515000E+00
   0.675000E+00
   0.422500E+00
   0.572500E+00
   0.520000E+00
   0.507500E+00
   0.510000E+00
   0.452500E+00
   0.462500E+00
   0.565000E+00
   0.522500E+00
   0.502500E+00
   0.505000E+00
   0.450000E+00
   0.557500E+00
   0.507500E+00
   0.562500E+00
   0.450000E+00
   0.462500E+00
   0.422500E+00
   0.510000E+00
   0.425000E+00
   0.522500E+00
   0.517500E+00
   0.545000E+00
   0.567500E+00
   0.530000E+00
   0.510000E+00
   0.540000E+00
   0.510000E+00
   0.495000E+00
   0.440000E+00
   0.500000E+00
   0.207500E+01
   0.206500E+01
   0.195250E+01
   0.193250E+01
   0.197250E+01
   0.219750E+01
   0.214250E+01
   0.183000E+01
   0.205000E+01
   0.201000E+01
   0.205500E+01
   0.195750E+01
   0.219500E+01
   0.194000E+01
   0.198500E+01
   0.192500E+01
   0.185500E+01
   0.192250E+01
   0.186000E+01
   0.207250E+01
   0.180750E+01
   0.213250E+01
   0.210250E+01
   0.192750E+01
   0.208750E+01
   0.212750E+01
   0.182000E+01
   0.190000E+01
   0.196000E+01
   0.202000E+01
   0.203750E+01
   0.205500E+01
   0.197500E+01
   0.191000E+01
   0.199750E+01
   0.200750E+01
   0.209250E+01
   0.200750E+01
   0.201000E+01
   0.186000E+01
