   1.0000000         127.73831    
   2.0000000         52.907017    
   3.0000000         29.041212    
   4.0000000         18.289475    
   5.0000000         12.446323    
   6.0000000         9.0010496    
   7.0000000         6.7731909    
   8.0000000         5.2278939    
   9.0000000         4.1793496    
   10.000000         3.3578312    
   11.000000         2.7720628    
   12.000000         2.3259760    
   13.000000         1.9158272    
   14.000000         1.6007830    
   15.000000         1.3706711    
   16.000000         1.1895433    
