   1.0000000         127.73831    
  0.50000000         52.907017    
  0.33333333         29.041212    
  0.25000000         18.289475    
  0.20000000         12.446323    
  0.16666667         9.0010496    
  0.14285714         6.7731909    
  0.12500000         5.2278939    
  0.11111111         4.1793496    
  0.10000000         3.3578312    
  0.90909091E-01     2.7720628    
  0.83333333E-01     2.3259760    
  0.76923077E-01     1.9158272    
  0.71428571E-01     1.6007830    
  0.66666667E-01     1.3706711    
  0.62500000E-01     1.1895433    
