#  elements.txt
#
#  Grid generated by 21 by 21 nodes.
#  Number of nodes = 441.
#
#  Number of elements = 200
#  Number of nodes per element = 6
#
   43    3    1   22   23    2
    3   43   45   24   23   44
   45    5    3   24   25    4
    5   45   47   26   25   46
   47    7    5   26   27    6
    7   47   49   28   27   48
   49    9    7   28   29    8
    9   49   51   30   29   50
   51   11    9   30   31   10
   11   51   53   32   31   52
   53   13   11   32   33   12
   13   53   55   34   33   54
   55   15   13   34   35   14
   15   55   57   36   35   56
   57   17   15   36   37   16
   17   57   59   38   37   58
   59   19   17   38   39   18
   19   59   61   40   39   60
   61   21   19   40   41   20
   21   61   63   42   41   62
   85   45   43   64   65   44
   45   85   87   66   65   86
   87   47   45   66   67   46
   47   87   89   68   67   88
   89   49   47   68   69   48
   49   89   91   70   69   90
   91   51   49   70   71   50
   51   91   93   72   71   92
   93   53   51   72   73   52
   53   93   95   74   73   94
   95   55   53   74   75   54
   55   95   97   76   75   96
   97   57   55   76   77   56
   57   97   99   78   77   98
   99   59   57   78   79   58
   59   99  101   80   79  100
  101   61   59   80   81   60
   61  101  103   82   81  102
  103   63   61   82   83   62
   63  103  105   84   83  104
  127   87   85  106  107   86
   87  127  129  108  107  128
  129   89   87  108  109   88
   89  129  131  110  109  130
  131   91   89  110  111   90
   91  131  133  112  111  132
  133   93   91  112  113   92
   93  133  135  114  113  134
  135   95   93  114  115   94
   95  135  137  116  115  136
  137   97   95  116  117   96
   97  137  139  118  117  138
  139   99   97  118  119   98
   99  139  141  120  119  140
  141  101   99  120  121  100
  101  141  143  122  121  142
  143  103  101  122  123  102
  103  143  145  124  123  144
  145  105  103  124  125  104
  105  145  147  126  125  146
  169  129  127  148  149  128
  129  169  171  150  149  170
  171  131  129  150  151  130
  131  171  173  152  151  172
  173  133  131  152  153  132
  133  173  175  154  153  174
  175  135  133  154  155  134
  135  175  177  156  155  176
  177  137  135  156  157  136
  137  177  179  158  157  178
  179  139  137  158  159  138
  139  179  181  160  159  180
  181  141  139  160  161  140
  141  181  183  162  161  182
  183  143  141  162  163  142
  143  183  185  164  163  184
  185  145  143  164  165  144
  145  185  187  166  165  186
  187  147  145  166  167  146
  147  187  189  168  167  188
  211  171  169  190  191  170
  171  211  213  192  191  212
  213  173  171  192  193  172
  173  213  215  194  193  214
  215  175  173  194  195  174
  175  215  217  196  195  216
  217  177  175  196  197  176
  177  217  219  198  197  218
  219  179  177  198  199  178
  179  219  221  200  199  220
  221  181  179  200  201  180
  181  221  223  202  201  222
  223  183  181  202  203  182
  183  223  225  204  203  224
  225  185  183  204  205  184
  185  225  227  206  205  226
  227  187  185  206  207  186
  187  227  229  208  207  228
  229  189  187  208  209  188
  189  229  231  210  209  230
  253  213  211  232  233  212
  213  253  255  234  233  254
  255  215  213  234  235  214
  215  255  257  236  235  256
  257  217  215  236  237  216
  217  257  259  238  237  258
  259  219  217  238  239  218
  219  259  261  240  239  260
  261  221  219  240  241  220
  221  261  263  242  241  262
  263  223  221  242  243  222
  223  263  265  244  243  264
  265  225  223  244  245  224
  225  265  267  246  245  266
  267  227  225  246  247  226
  227  267  269  248  247  268
  269  229  227  248  249  228
  229  269  271  250  249  270
  271  231  229  250  251  230
  231  271  273  252  251  272
  295  255  253  274  275  254
  255  295  297  276  275  296
  297  257  255  276  277  256
  257  297  299  278  277  298
  299  259  257  278  279  258
  259  299  301  280  279  300
  301  261  259  280  281  260
  261  301  303  282  281  302
  303  263  261  282  283  262
  263  303  305  284  283  304
  305  265  263  284  285  264
  265  305  307  286  285  306
  307  267  265  286  287  266
  267  307  309  288  287  308
  309  269  267  288  289  268
  269  309  311  290  289  310
  311  271  269  290  291  270
  271  311  313  292  291  312
  313  273  271  292  293  272
  273  313  315  294  293  314
  337  297  295  316  317  296
  297  337  339  318  317  338
  339  299  297  318  319  298
  299  339  341  320  319  340
  341  301  299  320  321  300
  301  341  343  322  321  342
  343  303  301  322  323  302
  303  343  345  324  323  344
  345  305  303  324  325  304
  305  345  347  326  325  346
  347  307  305  326  327  306
  307  347  349  328  327  348
  349  309  307  328  329  308
  309  349  351  330  329  350
  351  311  309  330  331  310
  311  351  353  332  331  352
  353  313  311  332  333  312
  313  353  355  334  333  354
  355  315  313  334  335  314
  315  355  357  336  335  356
  379  339  337  358  359  338
  339  379  381  360  359  380
  381  341  339  360  361  340
  341  381  383  362  361  382
  383  343  341  362  363  342
  343  383  385  364  363  384
  385  345  343  364  365  344
  345  385  387  366  365  386
  387  347  345  366  367  346
  347  387  389  368  367  388
  389  349  347  368  369  348
  349  389  391  370  369  390
  391  351  349  370  371  350
  351  391  393  372  371  392
  393  353  351  372  373  352
  353  393  395  374  373  394
  395  355  353  374  375  354
  355  395  397  376  375  396
  397  357  355  376  377  356
  357  397  399  378  377  398
  421  381  379  400  401  380
  381  421  423  402  401  422
  423  383  381  402  403  382
  383  423  425  404  403  424
  425  385  383  404  405  384
  385  425  427  406  405  426
  427  387  385  406  407  386
  387  427  429  408  407  428
  429  389  387  408  409  388
  389  429  431  410  409  430
  431  391  389  410  411  390
  391  431  433  412  411  432
  433  393  391  412  413  392
  393  433  435  414  413  434
  435  395  393  414  415  394
  395  435  437  416  415  436
  437  397  395  416  417  396
  397  437  439  418  417  438
  439  399  397  418  419  398
  399  439  441  420  419  440
