#  nodes.txt
#
#  Grid generated by 21 by 21 nodes in [0,1] x [0,1].
#  Number of nodes = 441.
#
#  Data per node is X, Y, U, V, P
#
  0.0000E+00  0.0000E+00  0.000000E+00  0.000000E+00  -48.2722    
  0.0000E+00  0.5000E-01  0.491267E-24  0.000000E+00  -48.2697    
  0.0000E+00  0.1000      0.992386E-24 -0.105511E-23  -48.2541    
  0.0000E+00  0.1500      0.858007E-24  0.584445E-24  -48.2573    
  0.0000E+00  0.2000      0.267296E-24  0.536290E-24  -48.3175    
  0.0000E+00  0.2500      0.378770E-24 -0.481403E-24  -48.3225    
  0.0000E+00  0.3000      0.158855E-24 -0.358146E-24  -48.4754    
  0.0000E+00  0.3500      0.164693E-24  0.115651E-23  -48.4833    
  0.0000E+00  0.4000     -0.254953E-24 -0.154444E-24  -48.7694    
  0.0000E+00  0.4500      0.631454E-24 -0.961716E-25  -48.7805    
  0.0000E+00  0.5000      0.320911E-24 -0.203848E-24  -49.2489    
  0.0000E+00  0.5500      0.139072E-23  0.534322E-24  -49.2713    
  0.0000E+00  0.6000      0.218445E-24  0.776070E-24  -50.1080    
  0.0000E+00  0.6500     -0.689297E-24 -0.844844E-25  -50.1096    
  0.0000E+00  0.7000     -0.204544E-24  0.116916E-23  -51.4127    
  0.0000E+00  0.7500     -0.111898E-23  0.177690E-24  -51.5316    
  0.0000E+00  0.8000     -0.524242E-24  0.793560E-24  -54.0924    
  0.0000E+00  0.8500     -0.998126E-24 -0.350297E-24  -53.9831    
  0.0000E+00  0.9000      0.293535E-23 -0.529052E-23  -62.0671    
  0.0000E+00  0.9500      0.521402E-24 -0.520623E-23  -60.1689    
  0.0000E+00   1.000       1.00000      0.000000E+00  -89.7953    
  0.5000E-01  0.0000E+00 -0.684674E-24  0.000000E+00  -48.2606    
  0.5000E-01  0.5000E-01 -0.430670E-03  0.430670E-03  -48.2639    
  0.5000E-01  0.1000     -0.697442E-03  0.137351E-02  -48.2890    
  0.5000E-01  0.1500     -0.982561E-03  0.290843E-02  -48.2940    
  0.5000E-01  0.2000     -0.108789E-02  0.444466E-02  -48.4014    
  0.5000E-01  0.2500     -0.140222E-02  0.674861E-02  -48.4094    
  0.5000E-01  0.3000     -0.154394E-02  0.878614E-02  -48.6303    
  0.5000E-01  0.3500     -0.202723E-02  0.122249E-01  -48.6414    
  0.5000E-01  0.4000     -0.228836E-02  0.150915E-01  -49.0202    
  0.5000E-01  0.4500     -0.316368E-02  0.204385E-01  -49.0426    
  0.5000E-01  0.5000     -0.378773E-02  0.251365E-01  -49.7008    
  0.5000E-01  0.5500     -0.531417E-02  0.338610E-01  -49.7024    
  0.5000E-01  0.6000     -0.625948E-02  0.414076E-01  -50.7620    
  0.5000E-01  0.6500     -0.925953E-02  0.564905E-01  -50.8809    
  0.5000E-01  0.7000     -0.118962E-01  0.706607E-01  -52.8715    
  0.5000E-01  0.7500     -0.152278E-01  0.974078E-01  -52.7622    
  0.5000E-01  0.8000     -0.205641E-01  0.133105      -57.9704    
  0.5000E-01  0.8500     -0.582801E-01  0.178295      -56.0722    
  0.5000E-01  0.9000     -0.510998E-01  0.232579      -74.0330    
  0.5000E-01  0.9500      0.180676      0.169716      -58.1662    
  0.5000E-01   1.000       1.00000      0.000000E+00  -74.0330    
  0.1000      0.0000E+00  0.228469E-25  0.186727E-24  -48.2672    
  0.1000      0.5000E-01 -0.104316E-02  0.659768E-03  -48.2556    
  0.1000      0.1000     -0.153813E-02  0.144601E-02  -48.2605    
  0.1000      0.1500     -0.235077E-02  0.418640E-02  -48.2437    
  0.1000      0.2000     -0.221691E-02  0.531072E-02  -48.3275    
  0.1000      0.2500     -0.330045E-02  0.974190E-02  -48.3089    
  0.1000      0.3000     -0.314297E-02  0.104484E-01  -48.4913    
  0.1000      0.3500     -0.475140E-02  0.175933E-01  -48.4665    
  0.1000      0.4000     -0.451530E-02  0.179552E-01  -48.7915    
  0.1000      0.4500     -0.741417E-02  0.292552E-01  -48.7541    
  0.1000      0.5000     -0.779113E-02  0.292290E-01  -49.2937    
  0.1000      0.5500     -0.118079E-01  0.479394E-01  -49.2369    
  0.1000      0.6000     -0.105422E-01  0.487465E-01  -50.1112    
  0.1000      0.6500     -0.218908E-01  0.783416E-01  -50.0017    
  0.1000      0.7000     -0.290340E-01  0.760010E-01  -51.6506    
  0.1000      0.7500     -0.286949E-01  0.124605      -51.3371    
  0.1000      0.8000     -0.334532E-02  0.129246      -53.8737    
  0.1000      0.8500     -0.111092      0.192871      -53.2530    
  0.1000      0.9000     -0.231098      0.180346      -58.2707    
  0.1000      0.9500      0.221619      0.101770      -56.6599    
  0.1000       1.000       1.00000      0.000000E+00  -58.0617    
  0.1500      0.0000E+00  0.000000E+00  0.000000E+00  -48.2523    
  0.1500      0.5000E-01 -0.199452E-02  0.929311E-03  -48.2355    
  0.1500      0.1000     -0.323228E-02  0.255285E-02  -48.2772    
  0.1500      0.1500     -0.437066E-02  0.540698E-02  -48.2586    
  0.1500      0.2000     -0.485498E-02  0.810733E-02  -48.3908    
  0.1500      0.2500     -0.617320E-02  0.123650E-01  -48.3660    
  0.1500      0.3000     -0.690012E-02  0.158325E-01  -48.6167    
  0.1500      0.3500     -0.897803E-02  0.222389E-01  -48.5792    
  0.1500      0.4000     -0.102988E-01  0.271100E-01  -49.0052    
  0.1500      0.4500     -0.138094E-01  0.368467E-01  -48.9484    
  0.1500      0.5000     -0.162948E-01  0.440181E-01  -49.6457    
  0.1500      0.5500     -0.222042E-01  0.594867E-01  -49.5362    
  0.1500      0.6000     -0.267434E-01  0.713859E-01  -50.7714    
  0.1500      0.6500     -0.389579E-01  0.936564E-01  -50.4579    
  0.1500      0.7000     -0.474235E-01  0.107538      -52.4486    
  0.1500      0.7500     -0.565847E-01  0.140238      -51.8280    
  0.1500      0.8000     -0.587326E-01  0.159696      -55.4515    
  0.1500      0.8500     -0.884477E-01  0.173876      -53.8408    
  0.1500      0.9000     -0.330653E-01  0.127576      -56.5555    
  0.1500      0.9500      0.376023      0.615133E-01  -54.5471    
  0.1500       1.000       1.00000      0.000000E+00  -56.5555    
  0.2000      0.0000E+00  0.616251E-25 -0.299992E-24  -48.2440    
  0.2000      0.5000E-01 -0.299274E-02  0.801209E-03  -48.1980    
  0.2000      0.1000     -0.418622E-02  0.180574E-02  -48.2269    
  0.2000      0.1500     -0.615990E-02  0.515323E-02  -48.1818    
  0.2000      0.2000     -0.572957E-02  0.650858E-02  -48.2903    
  0.2000      0.2500     -0.855388E-02  0.118384E-01  -48.2363    
  0.2000      0.3000     -0.806951E-02  0.126341E-01  -48.4418    
  0.2000      0.3500     -0.124070E-01  0.212345E-01  -48.3691    
  0.2000      0.4000     -0.120204E-01  0.216962E-01  -48.7166    
  0.2000      0.4500     -0.188753E-01  0.349419E-01  -48.6074    
  0.2000      0.5000     -0.185394E-01  0.345195E-01  -49.1802    
  0.2000      0.5500     -0.298134E-01  0.555095E-01  -49.0070    
  0.2000      0.6000     -0.298014E-01  0.555732E-01  -49.8922    
  0.2000      0.6500     -0.492084E-01  0.840314E-01  -49.6175    
  0.2000      0.7000     -0.494431E-01  0.784683E-01  -51.0236    
  0.2000      0.7500     -0.680850E-01  0.121374      -50.5671    
  0.2000      0.8000     -0.556361E-01  0.120603      -52.6324    
  0.2000      0.8500     -0.953651E-01  0.130320      -51.7584    
  0.2000      0.9000     -0.106978      0.666757E-01  -55.0492    
  0.2000      0.9500      0.408272      0.312292E-01  -53.3725    
  0.2000       1.000       1.00000      0.000000E+00  -54.0450    
  0.2500      0.0000E+00  0.000000E+00  0.000000E+00  -48.1894    
  0.2500      0.5000E-01 -0.421981E-02  0.896025E-03  -48.1443    
  0.2500      0.1000     -0.659330E-02  0.252831E-02  -48.2135    
  0.2500      0.1500     -0.876024E-02  0.530831E-02  -48.1595    
  0.2500      0.2000     -0.969770E-02  0.793357E-02  -48.3120    
  0.2500      0.2500     -0.122737E-01  0.120587E-01  -48.2393    
  0.2500      0.3000     -0.137298E-01  0.153676E-01  -48.5065    
  0.2500      0.3500     -0.178036E-01  0.215001E-01  -48.3972    
  0.2500      0.4000     -0.204019E-01  0.260778E-01  -48.8391    
  0.2500      0.4500     -0.269773E-01  0.351224E-01  -48.6659    
  0.2500      0.5000     -0.313201E-01  0.412851E-01  -49.3630    
  0.2500      0.5500     -0.416319E-01  0.546749E-01  -49.0883    
  0.2500      0.6000     -0.483408E-01  0.632982E-01  -50.1832    
  0.2500      0.6500     -0.639093E-01  0.801815E-01  -49.7267    
  0.2500      0.7000     -0.714161E-01  0.876736E-01  -51.3715    
  0.2500      0.7500     -0.837093E-01  0.106054      -50.4975    
  0.2500      0.8000     -0.781657E-01  0.108518      -52.9668    
  0.2500      0.8500     -0.681223E-01  0.997596E-01  -51.2901    
  0.2500      0.9000      0.356495E-01  0.538484E-01  -52.8704    
  0.2500      0.9500      0.457502      0.214866E-01  -51.6348    
  0.2500       1.000       1.00000      0.000000E+00  -52.8704    
  0.3000      0.0000E+00  0.828234E-25  0.748017E-25  -48.1519    
  0.3000      0.5000E-01 -0.501490E-02  0.657875E-03  -48.0835    
  0.3000      0.1000     -0.695154E-02  0.150192E-02  -48.1367    
  0.3000      0.1500     -0.101118E-01  0.425773E-02  -48.0709    
  0.3000      0.2000     -0.932679E-02  0.539736E-02  -48.1823    
  0.3000      0.2500     -0.139442E-01  0.977823E-02  -48.1048    
  0.3000      0.3000     -0.131356E-01  0.104219E-01  -48.2963    
  0.3000      0.3500     -0.201240E-01  0.173696E-01  -48.1916    
  0.3000      0.4000     -0.193434E-01  0.176909E-01  -48.4981    
  0.3000      0.4500     -0.302493E-01  0.282083E-01  -48.3454    
  0.3000      0.5000     -0.294784E-01  0.277608E-01  -48.8338    
  0.3000      0.5500     -0.458583E-01  0.433830E-01  -48.5999    
  0.3000      0.6000     -0.443048E-01  0.423355E-01  -49.3428    
  0.3000      0.6500     -0.683997E-01  0.620600E-01  -48.9774    
  0.3000      0.7000     -0.657968E-01  0.564326E-01  -50.1106    
  0.3000      0.7500     -0.838981E-01  0.770302E-01  -49.5488    
  0.3000      0.8000     -0.615039E-01  0.679361E-01  -50.8844    
  0.3000      0.8500     -0.707926E-01  0.660208E-01  -50.1385    
  0.3000      0.9000     -0.552149E-01  0.297250E-01  -51.6958    
  0.3000      0.9500      0.459424      0.147536E-01  -50.6749    
  0.3000       1.000       1.00000      0.000000E+00  -51.5739    
  0.3500      0.0000E+00  0.000000E+00  0.000000E+00  -48.0759    
  0.3500      0.5000E-01 -0.604979E-02  0.613983E-03  -48.0101    
  0.3500      0.1000     -0.939868E-02  0.176691E-02  -48.0937    
  0.3500      0.1500     -0.124118E-01  0.368537E-02  -48.0162    
  0.3500      0.2000     -0.136821E-01  0.553913E-02  -48.1618    
  0.3500      0.2500     -0.172826E-01  0.838575E-02  -48.0571    
  0.3500      0.3000     -0.192796E-01  0.106633E-01  -48.2925    
  0.3500      0.3500     -0.248603E-01  0.148270E-01  -48.1399    
  0.3500      0.4000     -0.282789E-01  0.179016E-01  -48.5133    
  0.3500      0.4500     -0.370477E-01  0.238764E-01  -48.2794    
  0.3500      0.5000     -0.424468E-01  0.277767E-01  -48.8544    
  0.3500      0.5500     -0.552925E-01  0.360638E-01  -48.4890    
  0.3500      0.6000     -0.623991E-01  0.408237E-01  -49.3613    
  0.3500      0.6500     -0.790192E-01  0.501565E-01  -48.7995    
  0.3500      0.7000     -0.836410E-01  0.518717E-01  -49.9357    
  0.3500      0.7500     -0.886667E-01  0.584475E-01  -49.1898    
  0.3500      0.8000     -0.698682E-01  0.541663E-01  -50.5441    
  0.3500      0.8500     -0.376422E-01  0.464008E-01  -49.5233    
  0.3500      0.9000      0.807343E-01  0.251626E-01  -50.6140    
  0.3500      0.9500      0.492689      0.107561E-01  -49.6022    
  0.3500       1.000       1.00000      0.000000E+00  -50.6140    
  0.4000      0.0000E+00  0.999967E-25 -0.253307E-24  -48.0151    
  0.4000      0.5000E-01 -0.642892E-02  0.346562E-03  -47.9334    
  0.4000      0.1000     -0.888991E-02  0.822640E-03  -48.0051    
  0.4000      0.1500     -0.128704E-01  0.233208E-02  -47.9273    
  0.4000      0.2000     -0.118311E-01  0.298720E-02  -48.0272    
  0.4000      0.2500     -0.176681E-01  0.539384E-02  -47.9365    
  0.4000      0.3000     -0.166050E-01  0.575643E-02  -48.0869    
  0.4000      0.3500     -0.253249E-01  0.953459E-02  -47.9647    
  0.4000      0.4000     -0.242365E-01  0.970393E-02  -48.1928    
  0.4000      0.4500     -0.375527E-01  0.152741E-01  -48.0148    
  0.4000      0.5000     -0.362804E-01  0.149097E-01  -48.3660    
  0.4000      0.5500     -0.554838E-01  0.228735E-01  -48.0992    
  0.4000      0.6000     -0.527260E-01  0.221322E-01  -48.6120    
  0.4000      0.6500     -0.784648E-01  0.316590E-01  -48.2172    
  0.4000      0.7000     -0.730075E-01  0.281894E-01  -48.9870    
  0.4000      0.7500     -0.845613E-01  0.360848E-01  -48.4016    
  0.4000      0.8000     -0.543413E-01  0.287476E-01  -49.3925    
  0.4000      0.8500     -0.464133E-01  0.268576E-01  -48.6133    
  0.4000      0.9000     -0.254228E-01  0.119591E-01  -49.6541    
  0.4000      0.9500      0.481424      0.581889E-02  -48.7658    
  0.4000       1.000       1.00000      0.000000E+00  -49.5503    
  0.4500      0.0000E+00  0.000000E+00  0.000000E+00  -47.9284    
  0.4500      0.5000E-01 -0.708732E-02  0.200171E-03  -47.8506    
  0.4500      0.1000     -0.109843E-01  0.634742E-03  -47.9384    
  0.4500      0.1500     -0.144661E-01  0.127974E-02  -47.8476    
  0.4500      0.2000     -0.159114E-01  0.197646E-02  -47.9663    
  0.4500      0.2500     -0.200653E-01  0.295753E-02  -47.8441    
  0.4500      0.3000     -0.223389E-01  0.379774E-02  -48.0177    
  0.4500      0.3500     -0.287258E-01  0.520948E-02  -47.8397    
  0.4500      0.4000     -0.325429E-01  0.632251E-02  -48.1014    
  0.4500      0.4500     -0.423437E-01  0.829358E-02  -47.8346    
  0.4500      0.5000     -0.480867E-01  0.959010E-02  -48.2222    
  0.4500      0.5500     -0.618243E-01  0.122751E-01  -47.8275    
  0.4500      0.6000     -0.686807E-01  0.139305E-01  -48.4047    
  0.4500      0.6500     -0.851783E-01  0.168478E-01  -47.8193    
  0.4500      0.7000     -0.877996E-01  0.172623E-01  -48.6043    
  0.4500      0.7500     -0.889235E-01  0.188965E-01  -47.8252    
  0.4500      0.8000     -0.644269E-01  0.164068E-01  -48.7442    
  0.4500      0.8500     -0.231833E-01  0.137955E-01  -47.8558    
  0.4500      0.9000      0.990929E-01  0.710273E-02  -48.7139    
  0.4500      0.9500      0.506536      0.308005E-02  -47.8879    
  0.4500       1.000       1.00000      0.000000E+00  -48.7139    
  0.5000      0.0000E+00 -0.768871E-25 -0.536220E-24  -47.8517    
  0.5000      0.5000E-01 -0.694901E-02 -0.288901E-04  -47.7697    
  0.5000      0.1000     -0.960557E-02 -0.139382E-04  -47.8495    
  0.5000      0.1500     -0.138845E-01 -0.523918E-04  -47.7715    
  0.5000      0.2000     -0.127442E-01 -0.144543E-04  -47.8457    
  0.5000      0.2500     -0.190182E-01 -0.411209E-04  -47.7549    
  0.5000      0.3000     -0.178505E-01 -0.126867E-04  -47.8425    
  0.5000      0.3500     -0.271910E-01 -0.629855E-04  -47.7209    
  0.5000      0.4000     -0.259673E-01  0.471603E-06  -47.8368    
  0.5000      0.4500     -0.400738E-01 -0.106427E-03  -47.6603    
  0.5000      0.5000     -0.385657E-01 -0.114288E-03  -47.8325    
  0.5000      0.5500     -0.585096E-01 -0.206900E-03  -47.5656    
  0.5000      0.6000     -0.552686E-01 -0.468490E-04  -47.8224    
  0.5000      0.6500     -0.812710E-01 -0.297483E-05  -47.4232    
  0.5000      0.7000     -0.748274E-01  0.201399E-03  -47.8161    
  0.5000      0.7500     -0.847941E-01  0.615135E-03  -47.2360    
  0.5000      0.8000     -0.523008E-01  0.740980E-03  -47.8342    
  0.5000      0.8500     -0.392800E-01  0.101757E-02  -47.0591    
  0.5000      0.9000     -0.169568E-01  0.299931E-03  -47.8774    
  0.5000      0.9500      0.488195      0.373631E-03  -46.9812    
  0.5000       1.000       1.00000      0.000000E+00  -47.8983    
  0.5500      0.0000E+00  0.000000E+00  0.000000E+00  -47.7686    
  0.5500      0.5000E-01 -0.710953E-02 -0.248768E-03  -47.6906    
  0.5500      0.1000     -0.110176E-01 -0.612170E-03  -47.7696    
  0.5500      0.1500     -0.145026E-01 -0.136347E-02  -47.6789    
  0.5500      0.2000     -0.159398E-01 -0.195093E-02  -47.7534    
  0.5500      0.2500     -0.200896E-01 -0.301236E-02  -47.6317    
  0.5500      0.3000     -0.223493E-01 -0.374513E-02  -47.7180    
  0.5500      0.3500     -0.287286E-01 -0.529890E-02  -47.5415    
  0.5500      0.4000     -0.325301E-01 -0.624052E-02  -47.6582    
  0.5500      0.4500     -0.423369E-01 -0.847896E-02  -47.3913    
  0.5500      0.5000     -0.480806E-01 -0.970963E-02  -47.5606    
  0.5500      0.5500     -0.618379E-01 -0.126516E-01  -47.1614    
  0.5500      0.6000     -0.687180E-01 -0.137932E-01  -47.4200    
  0.5500      0.6500     -0.851824E-01 -0.167847E-01  -46.8399    
  0.5500      0.7000     -0.878384E-01 -0.167896E-01  -47.2451    
  0.5500      0.7500     -0.891304E-01 -0.177537E-01  -46.4700    
  0.5500      0.8000     -0.646515E-01 -0.150168E-01  -47.0807    
  0.5500      0.8500     -0.230744E-01 -0.118314E-01  -46.1845    
  0.5500      0.9000      0.993612E-01 -0.683797E-02  -46.9917    
  0.5500      0.9500      0.506659     -0.247100E-02  -46.1391    
  0.5500       1.000       1.00000      0.000000E+00  -46.9917    
  0.6000      0.0000E+00 -0.340001E-24 -0.589117E-25  -47.6877    
  0.6000      0.5000E-01 -0.647143E-02 -0.400321E-03  -47.6176    
  0.6000      0.1000     -0.895205E-02 -0.846801E-03  -47.6935    
  0.6000      0.1500     -0.129496E-01 -0.242296E-02  -47.6267    
  0.6000      0.2000     -0.118859E-01 -0.300592E-02  -47.6642    
  0.6000      0.2500     -0.177414E-01 -0.545709E-02  -47.5868    
  0.6000      0.3000     -0.166458E-01 -0.576867E-02  -47.5992    
  0.6000      0.3500     -0.253905E-01 -0.962726E-02  -47.4953    
  0.6000      0.4000     -0.242640E-01 -0.967956E-02  -47.4839    
  0.6000      0.4500     -0.375799E-01 -0.154760E-01  -47.3320    
  0.6000      0.5000     -0.362396E-01 -0.151341E-01  -47.2988    
  0.6000      0.5500     -0.553911E-01 -0.233014E-01  -47.0691    
  0.6000      0.6000     -0.526223E-01 -0.221329E-01  -47.0239    
  0.6000      0.6500     -0.784255E-01 -0.318115E-01  -46.6631    
  0.6000      0.7000     -0.732226E-01 -0.283857E-01  -46.6559    
  0.6000      0.7500     -0.853765E-01 -0.353314E-01  -46.0895    
  0.6000      0.8000     -0.553864E-01 -0.270755E-01  -46.2840    
  0.6000      0.8500     -0.459936E-01 -0.245320E-01  -45.4307    
  0.6000      0.9000     -0.243851E-01 -0.111590E-01  -46.0850    
  0.6000      0.9500      0.482290     -0.508746E-02  -45.0642    
  0.6000       1.000       1.00000      0.000000E+00  -46.1933    
  0.6500      0.0000E+00  0.000000E+00  0.000000E+00  -47.6205    
  0.6500      0.5000E-01 -0.612096E-02 -0.651372E-03  -47.5537    
  0.6500      0.1000     -0.949958E-02 -0.174084E-02  -47.6120    
  0.6500      0.1500     -0.125198E-01 -0.374219E-02  -47.5346    
  0.6500      0.2000     -0.137677E-01 -0.549945E-02  -47.5543    
  0.6500      0.2500     -0.173678E-01 -0.841320E-02  -47.4504    
  0.6500      0.3000     -0.193391E-01 -0.105993E-01  -47.4376    
  0.6500      0.3500     -0.249162E-01 -0.148715E-01  -47.2858    
  0.6500      0.4000     -0.282918E-01 -0.177654E-01  -47.2395    
  0.6500      0.4500     -0.370160E-01 -0.239677E-01  -47.0098    
  0.6500      0.5000     -0.423437E-01 -0.277753E-01  -46.9317    
  0.6500      0.5500     -0.551466E-01 -0.363777E-01  -46.5709    
  0.6500      0.6000     -0.622528E-01 -0.406420E-01  -46.4791    
  0.6500      0.6500     -0.791511E-01 -0.506681E-01  -45.9127    
  0.6500      0.7000     -0.842927E-01 -0.527270E-01  -45.9035    
  0.6500      0.7500     -0.902159E-01 -0.587168E-01  -45.0502    
  0.6500      0.8000     -0.717879E-01 -0.519057E-01  -45.3312    
  0.6500      0.8500     -0.373895E-01 -0.430591E-01  -44.3104    
  0.6500      0.9000      0.820974E-01 -0.247902E-01  -45.1183    
  0.6500      0.9500      0.493911     -0.951477E-02  -44.1884    
  0.6500       1.000       1.00000      0.000000E+00  -45.1183    
  0.7000      0.0000E+00  0.239692E-24  0.283661E-24  -47.5474    
  0.7000      0.5000E-01 -0.508923E-02 -0.692506E-03  -47.5002    
  0.7000      0.1000     -0.706449E-02 -0.151173E-02  -47.5599    
  0.7000      0.1500     -0.102561E-01 -0.430631E-02  -47.5136    
  0.7000      0.2000     -0.942492E-02 -0.539013E-02  -47.5093    
  0.7000      0.2500     -0.140897E-01 -0.980740E-02  -47.4560    
  0.7000      0.3000     -0.132310E-01 -0.104238E-01  -47.3914    
  0.7000      0.3500     -0.202509E-01 -0.174061E-01  -47.3201    
  0.7000      0.4000     -0.193777E-01 -0.175797E-01  -47.1802    
  0.7000      0.4500     -0.303109E-01 -0.282657E-01  -47.0757    
  0.7000      0.5000     -0.294828E-01 -0.279039E-01  -46.8395    
  0.7000      0.5500     -0.458346E-01 -0.436080E-01  -46.6727    
  0.7000      0.6000     -0.440394E-01 -0.420311E-01  -46.3023    
  0.7000      0.6500     -0.684532E-01 -0.630869E-01  -46.0451    
  0.7000      0.7000     -0.662637E-01 -0.586841E-01  -45.5231    
  0.7000      0.7500     -0.839418E-01 -0.783589E-01  -45.0416    
  0.7000      0.8000     -0.615803E-01 -0.644421E-01  -44.5774    
  0.7000      0.8500     -0.671690E-01 -0.618485E-01  -43.6467    
  0.7000      0.9000     -0.529594E-01 -0.301848E-01  -44.0434    
  0.7000      0.9500      0.459247     -0.132372E-01  -42.4276    
  0.7000       1.000       1.00000      0.000000E+00  -44.3335    
  0.7500      0.0000E+00  0.000000E+00  0.000000E+00  -47.5064    
  0.7500      0.5000E-01 -0.431989E-02 -0.917778E-03  -47.4601    
  0.7500      0.1000     -0.674372E-02 -0.249953E-02  -47.4883    
  0.7500      0.1500     -0.892233E-02 -0.531678E-02  -47.4350    
  0.7500      0.2000     -0.982314E-02 -0.788006E-02  -47.3971    
  0.7500      0.2500     -0.124077E-01 -0.120526E-01  -47.3257    
  0.7500      0.3000     -0.138306E-01 -0.152820E-01  -47.2145    
  0.7500      0.3500     -0.179031E-01 -0.214656E-01  -47.1099    
  0.7500      0.4000     -0.204429E-01 -0.258607E-01  -46.9053    
  0.7500      0.4500     -0.270178E-01 -0.350801E-01  -46.7385    
  0.7500      0.5000     -0.312554E-01 -0.411913E-01  -46.4041    
  0.7500      0.5500     -0.414902E-01 -0.546619E-01  -46.1469    
  0.7500      0.6000     -0.480909E-01 -0.628743E-01  -45.6555    
  0.7500      0.6500     -0.637788E-01 -0.814114E-01  -45.1741    
  0.7500      0.7000     -0.714915E-01 -0.892409E-01  -44.5688    
  0.7500      0.7500     -0.843393E-01 -0.107821      -43.6381    
  0.7500      0.8000     -0.792119E-01 -0.103910      -43.3797    
  0.7500      0.8500     -0.679246E-01 -0.962809E-01  -41.7639    
  0.7500      0.9000      0.362697E-01 -0.600017E-01  -42.5726    
  0.7500      0.9500      0.459507     -0.206452E-01  -41.5544    
  0.7500       1.000       1.00000      0.000000E+00  -42.5726    
  0.8000      0.0000E+00  0.326388E-24  0.112175E-24  -47.4529    
  0.8000      0.5000E-01 -0.310764E-02 -0.813538E-03  -47.4353    
  0.8000      0.1000     -0.435292E-02 -0.179856E-02  -47.4673    
  0.8000      0.1500     -0.637714E-02 -0.514220E-02  -47.4486    
  0.8000      0.2000     -0.587358E-02 -0.647854E-02  -47.4028    
  0.8000      0.2500     -0.877222E-02 -0.118388E-01  -47.3841    
  0.8000      0.3000     -0.821283E-02 -0.126158E-01  -47.2487    
  0.8000      0.3500     -0.126907E-01 -0.211977E-01  -47.2244    
  0.8000      0.4000     -0.122414E-01 -0.215755E-01  -46.9711    
  0.8000      0.4500     -0.192762E-01 -0.349116E-01  -46.9355    
  0.8000      0.5000     -0.186791E-01 -0.345608E-01  -46.5058    
  0.8000      0.5500     -0.301740E-01 -0.552507E-01  -46.4530    
  0.8000      0.6000     -0.301671E-01 -0.546167E-01  -45.7879    
  0.8000      0.6500     -0.486025E-01 -0.852841E-01  -45.6539    
  0.8000      0.7000     -0.474871E-01 -0.817843E-01  -44.5602    
  0.8000      0.7500     -0.674264E-01 -0.124809      -44.4419    
  0.8000      0.8000     -0.565421E-01 -0.117353      -42.7160    
  0.8000      0.8500     -0.981909E-01 -0.128899      -42.0228    
  0.8000      0.9000     -0.113397     -0.729375E-01  -40.8118    
  0.8000      0.9500      0.407199     -0.317172E-01  -38.3298    
  0.8000       1.000       1.00000      0.000000E+00  -42.2970    
  0.8500      0.0000E+00  0.000000E+00  0.000000E+00  -47.4425    
  0.8500      0.5000E-01 -0.215956E-02 -0.896099E-03  -47.4238    
  0.8500      0.1000     -0.342552E-02 -0.251991E-02  -47.4164    
  0.8500      0.1500     -0.456273E-02 -0.536228E-02  -47.3977    
  0.8500      0.2000     -0.500711E-02 -0.805316E-02  -47.3070    
  0.8500      0.2500     -0.634505E-02 -0.123566E-01  -47.2827    
  0.8500      0.3000     -0.705785E-02 -0.157942E-01  -47.0856    
  0.8500      0.3500     -0.918664E-02 -0.221923E-01  -47.0500    
  0.8500      0.4000     -0.105071E-01 -0.269914E-01  -46.7029    
  0.8500      0.4500     -0.141118E-01 -0.367934E-01  -46.6501    
  0.8500      0.5000     -0.165757E-01 -0.438770E-01  -46.0940    
  0.8500      0.5500     -0.226196E-01 -0.592026E-01  -45.9600    
  0.8500      0.6000     -0.268301E-01 -0.698875E-01  -45.0400    
  0.8500      0.6500     -0.376122E-01 -0.925962E-01  -44.9217    
  0.8500      0.7000     -0.448322E-01 -0.108966      -43.5198    
  0.8500      0.7500     -0.551561E-01 -0.146051      -42.8266    
  0.8500      0.8000     -0.594669E-01 -0.159647      -41.0707    
  0.8500      0.8500     -0.970185E-01 -0.181196      -38.5887    
  0.8500      0.9000     -0.477650E-01 -0.137784      -39.0724    
  0.8500      0.9500      0.369215     -0.708970E-01  -35.0531    
  0.8500       1.000       1.00000      0.000000E+00  -39.0724    
  0.9000      0.0000E+00  0.199060E-24 -0.217175E-24  -47.4177    
  0.9000      0.5000E-01 -0.119850E-02 -0.584044E-03  -47.4178    
  0.9000      0.1000     -0.169514E-02 -0.137010E-02  -47.4300    
  0.9000      0.1500     -0.250770E-02 -0.411887E-02  -47.4326    
  0.9000      0.2000     -0.231126E-02 -0.527984E-02  -47.3653    
  0.9000      0.2500     -0.346781E-02 -0.974764E-02  -47.3705    
  0.9000      0.3000     -0.327065E-02 -0.104722E-01  -47.2001    
  0.9000      0.3500     -0.499337E-02 -0.175590E-01  -47.2090    
  0.9000      0.4000     -0.470542E-02 -0.178238E-01  -46.9000    
  0.9000      0.4500     -0.787605E-02 -0.293175E-01  -46.9095    
  0.9000      0.5000     -0.824017E-02 -0.296988E-01  -46.4002    
  0.9000      0.5500     -0.122199E-01 -0.477842E-01  -46.4205    
  0.9000      0.6000     -0.101913E-01 -0.467107E-01  -45.5198    
  0.9000      0.6500     -0.238610E-01 -0.758745E-01  -45.5949    
  0.9000      0.7000     -0.331013E-01 -0.772474E-01  -44.3236    
  0.9000      0.7500     -0.285790E-01 -0.130150      -43.9910    
  0.9000      0.8000      0.563901E-02 -0.132579      -41.3296    
  0.9000      0.8500     -0.103498     -0.206101      -42.5538    
  0.9000      0.9000     -0.227002     -0.176725      -35.8478    
  0.9000      0.9500      0.277669     -0.113565      -31.8065    
  0.9000       1.000       1.00000      0.000000E+00  -34.2584    
  0.9500      0.0000E+00  0.000000E+00  0.000000E+00  -47.4240    
  0.9500      0.5000E-01 -0.476661E-03 -0.378042E-03  -47.4265    
  0.9500      0.1000     -0.775464E-03 -0.129712E-02  -47.4002    
  0.9500      0.1500     -0.105830E-02 -0.284706E-02  -47.4054    
  0.9500      0.2000     -0.114422E-02 -0.442169E-02  -47.2879    
  0.9500      0.2500     -0.146725E-02 -0.675170E-02  -47.2968    
  0.9500      0.3000     -0.160946E-02 -0.879886E-02  -47.0589    
  0.9500      0.3500     -0.214453E-02 -0.122446E-01  -47.0685    
  0.9500      0.4000     -0.243534E-02 -0.151300E-01  -46.6596    
  0.9500      0.4500     -0.336572E-02 -0.204617E-01  -46.6799    
  0.9500      0.5000     -0.389600E-02 -0.251699E-01  -45.9803    
  0.9500      0.5500     -0.499001E-02 -0.335209E-01  -46.0554    
  0.9500      0.6000     -0.622707E-02 -0.404783E-01  -44.9968    
  0.9500      0.6500     -0.134664E-01 -0.570513E-01  -44.6641    
  0.9500      0.7000     -0.173268E-01 -0.717195E-01  -42.4939    
  0.9500      0.7500     -0.611368E-02 -0.898998E-01  -43.7182    
  0.9500      0.8000     -0.882944E-03 -0.121684      -39.8129    
  0.9500      0.8500     -0.640067E-01 -0.196723      -35.7716    
  0.9500      0.9000     -0.810158E-01 -0.190245      -31.0118    
  0.9500      0.9500      0.167669     -0.167669      -13.8826    
  0.9500       1.000       1.00000      0.000000E+00  -31.0118    
   1.000      0.0000E+00  0.000000E+00  0.000000E+00  -47.4179    
   1.000      0.5000E-01  0.000000E+00  0.000000E+00  -47.4326    
   1.000      0.1000      0.000000E+00  0.000000E+00  -47.4351    
   1.000      0.1500      0.000000E+00  0.000000E+00  -47.3705    
   1.000      0.2000      0.000000E+00  0.000000E+00  -47.3757    
   1.000      0.2500      0.000000E+00  0.000000E+00  -47.2090    
   1.000      0.3000      0.000000E+00  0.000000E+00  -47.2179    
   1.000      0.3500      0.000000E+00  0.000000E+00  -46.9095    
   1.000      0.4000      0.000000E+00  0.000000E+00  -46.9190    
   1.000      0.4500      0.000000E+00  0.000000E+00  -46.4205    
   1.000      0.5000      0.000000E+00  0.000000E+00  -46.4408    
   1.000      0.5500      0.000000E+00  0.000000E+00  -45.5949    
   1.000      0.6000      0.000000E+00  0.000000E+00  -45.6699    
   1.000      0.6500      0.000000E+00  0.000000E+00  -43.9910    
   1.000      0.7000      0.000000E+00  0.000000E+00  -43.6583    
   1.000      0.7500      0.000000E+00  0.000000E+00  -42.5538    
   1.000      0.8000      0.000000E+00  0.000000E+00  -43.7781    
   1.000      0.8500      0.000000E+00  0.000000E+00  -31.8065    
   1.000      0.9000      0.000000E+00  0.000000E+00  -27.7651    
   1.000      0.9500      0.000000E+00  0.000000E+00  -17.1292    
   1.000       1.000       1.00000      0.000000E+00  0.000000E+00
