   0.000000E+00
   0.275000E-01
   0.750000E-01
   0.112500E+00
   0.127500E+00
   0.250000E+00
   0.257500E+00
   0.247500E+00
   0.257500E+00
   0.355000E+00
   0.270000E+00
   0.385000E+00
   0.350000E+00
   0.420000E+00
   0.477500E+00
   0.525000E+00
   0.522500E+00
   0.535000E+00
   0.522500E+00
   0.600000E+00
   0.715000E+00
   0.675000E+00
   0.610000E+00
   0.767500E+00
   0.752500E+00
   0.722500E+00
   0.104250E+01
   0.790000E+00
   0.910000E+00
   0.827500E+00
   0.920000E+00
   0.957500E+00
   0.100500E+01
   0.955000E+00
   0.110750E+01
   0.121000E+01
   0.121250E+01
   0.109500E+01
   0.108000E+01
   0.117500E+01
   0.128750E+01
   0.139000E+01
   0.131500E+01
   0.132500E+01
   0.145500E+01
   0.137250E+01
   0.133750E+01
   0.157500E+01
   0.154750E+01
   0.152750E+01
   0.161750E+01
   0.166000E+01
   0.159500E+01
   0.195000E+01
   0.162750E+01
   0.187000E+01
   0.174750E+01
   0.177500E+01
   0.186250E+01
   0.190000E+01
   0.201000E+01
   0.191750E+01
   0.184250E+01
   0.197500E+01
   0.201750E+01
   0.206250E+01
   0.199750E+01
   0.202250E+01
   0.205500E+01
   0.215500E+01
   0.218750E+01
   0.226500E+01
   0.226750E+01
   0.230250E+01
   0.228000E+01
   0.239750E+01
   0.217750E+01
   0.250250E+01
   0.237500E+01
   0.260500E+01
