   0.786163E-02
   0.393082E-01
   0.707547E-01
   0.102201E+00
   0.133648E+00
   0.165094E+00
   0.196541E+00
   0.227987E+00
   0.259434E+00
   0.290881E+00
   0.322327E+00
   0.353774E+00
   0.385220E+00
   0.416667E+00
   0.448113E+00
   0.479560E+00
   0.511006E+00
   0.542453E+00
   0.573899E+00
   0.605346E+00
   0.636792E+00
   0.668239E+00
   0.699686E+00
   0.731132E+00
   0.762579E+00
   0.794025E+00
   0.825472E+00
   0.856918E+00
   0.888365E+00
   0.919811E+00
   0.951258E+00
   0.982704E+00
   0.101415E+01
   0.104560E+01
   0.107704E+01
   0.110849E+01
   0.113994E+01
   0.117138E+01
   0.120283E+01
   0.123428E+01
   0.126572E+01
   0.129717E+01
   0.132862E+01
   0.136006E+01
   0.139151E+01
   0.142296E+01
   0.145440E+01
   0.148585E+01
   0.151730E+01
   0.154874E+01
   0.158019E+01
   0.161164E+01
   0.164308E+01
   0.167453E+01
   0.170597E+01
   0.173742E+01
   0.176887E+01
   0.180031E+01
   0.183176E+01
   0.186321E+01
   0.189465E+01
   0.192610E+01
   0.195755E+01
   0.198899E+01
   0.202044E+01
   0.205189E+01
   0.208333E+01
   0.211478E+01
   0.214623E+01
   0.217767E+01
   0.220912E+01
   0.224057E+01
   0.227201E+01
   0.230346E+01
   0.233491E+01
   0.236635E+01
   0.239780E+01
   0.242925E+01
   0.246069E+01
   0.249214E+01
