   0.375000E-01
   0.112500E+00
   0.800000E-01
   0.775000E-01
   0.232500E+00
   0.175000E+00
   0.260000E+00
   0.210000E+00
   0.282500E+00
   0.325000E+00
   0.340000E+00
   0.415000E+00
   0.517500E+00
   0.420000E+00
   0.465000E+00
   0.545000E+00
   0.647500E+00
   0.545000E+00
   0.572500E+00
   0.627500E+00
   0.620000E+00
   0.690000E+00
   0.675000E+00
   0.802500E+00
   0.735000E+00
   0.737500E+00
   0.870000E+00
   0.765000E+00
   0.900000E+00
   0.110250E+01
   0.109750E+01
   0.897500E+00
   0.109250E+01
   0.937500E+00
   0.972500E+00
   0.108000E+01
   0.121000E+01
   0.115750E+01
   0.107750E+01
   0.126500E+01
   0.129750E+01
   0.128750E+01
   0.123500E+01
   0.141000E+01
   0.123500E+01
   0.143750E+01
   0.129750E+01
   0.145250E+01
   0.149500E+01
   0.149750E+01
   0.148000E+01
   0.167000E+01
   0.151750E+01
   0.181250E+01
   0.155000E+01
   0.164500E+01
   0.160750E+01
   0.187000E+01
   0.183000E+01
   0.196750E+01
   0.196000E+01
   0.199000E+01
   0.188750E+01
   0.188750E+01
   0.219500E+01
   0.204750E+01
   0.217000E+01
   0.201500E+01
   0.211250E+01
   0.222750E+01
   0.217500E+01
   0.216250E+01
   0.196500E+01
   0.227750E+01
   0.234750E+01
   0.233000E+01
   0.253000E+01
   0.246000E+01
   0.264250E+01
   0.245000E+01
